   5.6916000e-02   0.0000000e+00   0.0000000e+00   3.2394000e-03   9.2267000e-02   0.0000000e+00   8.5132000e-03   0.0000000e+00  -2.8990000e-02   0.0000000e+00   8.4044000e-04   0.0000000e+00   1.6520000e-03   0.0000000e+00   0.0000000e+00   2.7292000e-06   1.2407000e-03   0.0000000e+00   1.5392000e-06   0.0000000e+00   2.9680000e-04   0.0000000e+00   8.8093000e-08   0.0000000e+00   7.8144281e+02   5.6080623e+02
   7.6951000e-02   2.0035200e-02   4.0140924e-04   5.9215000e-03   8.3478000e-02  -8.7889000e-03   6.9686000e-03   7.7244763e-05  -4.0725000e-02  -1.1734300e-02   1.6585000e-03   1.3769380e-04   1.8421000e-03   1.9010000e-04   3.6138010e-08   3.3934000e-06   1.2407000e-03   0.0000000e+00   1.5392000e-06   0.0000000e+00   5.3643000e-04   2.3962300e-04   2.8775000e-07   5.7419182e-08   7.6740999e+02   5.5770719e+02
   8.0479000e-02   3.5277000e-03   1.2444667e-05   6.4769000e-03   3.7792000e-02  -4.5686700e-02   1.4282000e-03   2.0872746e-03  -3.1497000e-02   9.2278000e-03   9.9205000e-04   8.5152293e-05   1.3517000e-03  -4.9045000e-04   2.4054120e-07   1.8270000e-06   8.0807000e-04  -4.3258100e-04   6.5298000e-07   1.8712632e-07   4.8787000e-04  -4.8557000e-05   2.3802000e-07   2.3577822e-09   7.7834888e+02   5.5997299e+02
   8.2651000e-02   2.1725000e-03   4.7197562e-06   6.8313000e-03   6.6152000e-02   2.8360800e-02   4.3761000e-03   8.0433498e-04  -1.2885000e-01  -9.7351200e-02   1.6602000e-02   9.4772561e-03   1.0611000e-03  -2.9056000e-04   8.4425114e-08   1.1260000e-06   1.1155000e-03   3.0743100e-04   1.2443000e-06   9.4513820e-08   9.8442000e-05  -3.8942760e-04   9.6909000e-09   1.5165386e-07   7.7882710e+02   5.6230447e+02
   8.4872000e-02   2.2210000e-03   4.9328410e-06   7.2033000e-03   5.9031000e-02  -7.1218000e-03   3.4846000e-03   5.0720035e-05  -6.4069000e-02   6.4779200e-02   4.1048000e-03   4.1963448e-03   1.3517000e-03   2.9056000e-04   8.4425114e-08   1.8270000e-06   8.0807000e-04  -3.0743100e-04   6.5298000e-07   9.4513820e-08   3.8733000e-04   2.8889160e-04   1.5003000e-07   8.3458357e-08   7.7221927e+02   5.6313012e+02
   8.0579000e-02  -4.2933000e-03   1.8432425e-05   6.4930000e-03   2.6467000e-02  -3.2563600e-02   7.0050000e-04   1.0603880e-03  -7.8953000e-02  -1.4884700e-02   6.2337000e-03   2.2155429e-04   8.7589000e-04  -4.7578100e-04   2.2636756e-07   7.6718000e-07   2.3242000e-04  -5.7564700e-04   5.4020000e-08   3.3136947e-07   4.8787000e-04   1.0053600e-04   2.3802000e-07   1.0107487e-08   7.7038327e+02   5.6142260e+02
   1.0443000e-01   2.3845900e-02   5.6862695e-04   1.0905000e-02  -4.4463000e-02  -7.0929700e-02   1.9769000e-03   5.0310223e-03  -1.4227000e-02   6.4726600e-02   2.0240000e-04   4.1895327e-03   8.7589000e-04   0.0000000e+00   0.0000000e+00   7.6718000e-07   4.6157000e-04   2.2914700e-04   2.1305000e-07   5.2508348e-08   9.7747000e-04   4.8960200e-04   9.5545000e-07   2.3971012e-07   7.7482666e+02   5.5971696e+02
   9.0427000e-02  -1.3997800e-02   1.9593840e-04   8.1771000e-03  -3.3771000e-02   1.0691700e-02   1.1405000e-03   1.1431245e-04  -1.2670000e-02   1.5565000e-03   1.6054000e-04   2.4226923e-06  -2.2560000e-04  -1.1014850e-03   1.2132692e-06   5.0894000e-08   6.1219000e-04   1.5062000e-04   3.7478000e-07   2.2686384e-08   4.8787000e-04  -4.8960200e-04   2.3802000e-07   2.3971012e-07   8.0835215e+02   5.6394611e+02
   5.0590000e-02  -3.9837500e-02   1.5870264e-03   2.5593000e-03   6.8541000e-02   1.0231170e-01   4.6978000e-03   1.0467684e-02   8.7123000e-02   9.9793400e-02   7.5904000e-03   9.9587227e-03  -4.4434000e-05   1.8116180e-04   3.2819598e-08   1.9744000e-09   8.5834000e-04   2.4615500e-04   7.3675000e-07   6.0592284e-08   7.3841000e-04   2.5054200e-04   5.4525000e-07   6.2771294e-08   7.8109594e+02   5.6032914e+02
   5.0621000e-02   3.1400000e-05   9.8596000e-10   2.5625000e-03   7.6885000e-02   8.3445000e-03   5.9113000e-03   6.9630680e-05   6.2208000e-02  -2.4915500e-02   3.8698000e-03   6.2078214e-04   3.2816000e-04   3.7259520e-04   1.3882718e-07   1.0769000e-07   4.0271000e-04  -4.5563200e-04   1.6218000e-07   2.0760052e-07   4.8787000e-04  -2.5054200e-04   2.3802000e-07   6.2771294e-08   7.6485311e+02   5.5817591e+02
   5.7334000e-02   6.7130000e-03   4.5064369e-05   3.2872000e-03   4.2337000e-03  -7.2651480e-02   1.7924000e-05   5.2782375e-03   9.6863000e-02   3.4655300e-02   9.3824000e-03   1.2009898e-03  -2.4960000e-04  -5.7776100e-04   3.3380777e-07   6.2300000e-08   8.9949000e-04   4.9677700e-04   8.0908000e-07   2.4678739e-07   6.7644000e-04   1.8856600e-04   4.5757000e-07   3.5557136e-08   7.5915852e+02   5.5935016e+02
   5.0629000e-02  -6.7050000e-03   4.4957025e-05   2.5633000e-03   3.1593000e-02   2.7359180e-02   9.9811000e-04   7.4852473e-04   5.0476000e-02  -4.6386800e-02   2.5478000e-03   2.1517352e-03   1.0458000e-04   3.5417900e-04   1.2544276e-07   1.0937000e-08   4.0271000e-04  -4.9677700e-04   1.6218000e-07   2.4678739e-07   2.1365000e-04  -4.6279000e-04   4.5645000e-08   2.1417458e-07   7.6018131e+02   5.5885249e+02
   2.1133000e-02  -2.9495900e-02   8.7000812e-04   4.4661000e-04   4.9218000e-02   1.7624900e-02   2.4224000e-03   3.1063710e-04   1.6617000e-02  -3.3858600e-02   2.7614000e-04   1.1464048e-03   5.9746000e-04   4.9287800e-04   2.4292872e-07   3.5695000e-07   4.0271000e-04   0.0000000e+00   1.6218000e-07   0.0000000e+00   2.7242000e-05  -1.8640360e-04   7.4215000e-10   3.4746302e-08   7.6933730e+02   5.6034119e+02
  -2.5224000e-03  -2.3655560e-02   5.5958552e-04   6.3623000e-06   3.6046000e-02  -1.3171900e-02   1.2993000e-03   1.7349895e-04   4.5141000e-02   2.8523700e-02   2.0377000e-03   8.1360146e-04   1.0458000e-04  -4.9287800e-04   2.4292872e-07   1.0937000e-08   4.0271000e-04   0.0000000e+00   1.6218000e-07   0.0000000e+00   2.7242000e-05   0.0000000e+00   7.4215000e-10   0.0000000e+00   7.7699209e+02   5.6019635e+02
   3.2650000e-02   3.5172860e-02   1.2371301e-03   1.0661000e-03  -4.4805000e-03  -4.0526450e-02   2.0075000e-05   1.6423931e-03   6.5672000e-02   2.0530700e-02   4.3128000e-03   4.2150964e-04  -3.9759000e-04  -5.0216700e-04   2.5217170e-07   1.5808000e-07   8.1059000e-04   4.0788000e-04   6.5706000e-07   1.6636609e-07   2.9224000e-04   2.6499960e-04   8.5405000e-08   7.0224788e-08   7.6979749e+02   5.5846426e+02
   3.7707000e-02   5.0561000e-03   2.5564147e-05   1.4218000e-03   2.4907000e-02   2.9387350e-02   6.2035000e-04   8.6361634e-04   2.8793000e-02  -3.6878600e-02   8.2905000e-04   1.3600311e-03   7.5923000e-05   4.7351090e-04   2.2421257e-07   5.7643000e-09   4.0271000e-04  -4.0788000e-04   1.6218000e-07   1.6636609e-07   2.7242000e-05  -2.6499960e-04   7.4215000e-10   7.0224788e-08   7.6463341e+02   5.5685775e+02
  -1.5310000e-02  -5.3016200e-02   2.8107175e-03   2.3438000e-04   2.4886000e-02  -2.0500000e-05   6.1933000e-04   4.2025000e-10   6.5316000e-02   3.6523000e-02   4.2662000e-03   1.3339295e-03  -3.1021000e-04  -3.8612990e-04   1.4909630e-07   9.6228000e-08   4.0271000e-04   0.0000000e+00   1.6218000e-07   0.0000000e+00   2.7242000e-05   0.0000000e+00   7.4215000e-10   0.0000000e+00   7.7177235e+02   5.5939958e+02
  -2.2246000e-02  -6.9365000e-03   4.8115032e-05   4.9489000e-04   4.1235000e-02   1.6348500e-02   1.7003000e-03   2.6727345e-04   2.6053000e-02  -3.9263100e-02   6.7876000e-04   1.5415910e-03  -1.4893000e-04   1.6127900e-04   2.6010916e-08   2.2180000e-08   1.2339000e-04  -2.7932500e-04   1.5224000e-08   7.8022456e-08  -2.5299000e-04  -2.8023340e-04   6.4004000e-08   7.8530758e-08   7.7176601e+02   5.5855507e+02
   9.4319000e-03   3.1677970e-02   1.0034938e-03   8.8960000e-05   5.2678000e-02   1.1442700e-02   2.7749000e-03   1.3093538e-04   2.2254000e-02  -3.7986000e-03   4.9526000e-04   1.4429362e-05  -4.1468000e-05   1.0745990e-04   1.1547630e-08   1.7196000e-09   4.0271000e-04   2.7932500e-04   1.6218000e-07   7.8022456e-08   2.7242000e-05   2.8023340e-04   7.4215000e-10   7.8530758e-08   7.7079493e+02   5.5779753e+02
  -7.5024000e-04  -1.0182109e-02   1.0367534e-04   5.6286000e-07   2.5134000e-02  -2.7543700e-02   6.3171000e-04   7.5865541e-04   2.6221000e-02   3.9660000e-03   6.8751000e-04   1.5729156e-05   1.2394000e-04   1.6540910e-04   2.7360170e-08   1.5361000e-08   5.2313000e-05  -3.5039860e-04   2.7367000e-09   1.2277918e-07   2.7242000e-05   0.0000000e+00   7.4215000e-10   0.0000000e+00   7.6072371e+02   5.5911416e+02
   9.4283000e-03   1.0178509e-02   1.0360205e-04   8.8892000e-05   2.5666000e-03  -2.2567160e-02   6.5876000e-06   5.0927671e-04   1.2386000e-03  -2.4981920e-02   1.5341000e-06   6.2409633e-04  -3.1021000e-04  -4.3414800e-04   1.8848449e-07   9.6228000e-08   2.0278000e-04   1.5046160e-04   4.1118000e-08   2.2638693e-08   1.2743000e-04   1.0018460e-04   1.6238000e-08   1.0036954e-08   7.7259625e+02   5.6020022e+02
  -3.0114000e-02  -3.9542770e-02   1.5636307e-03   9.0688000e-04   8.3410000e-02   8.0843260e-02   6.9572000e-03   6.5356327e-03  -1.0669000e-01  -1.0792658e-01   1.1382000e-02   1.1648147e-02   3.9431000e-05   3.4963820e-04   1.2224687e-07   1.5548000e-09   6.4082000e-04   4.3804100e-04   4.1065000e-07   1.9187992e-07  -4.6560000e-04  -5.9302500e-04   2.1678000e-07   3.5167865e-07   7.7038367e+02   5.5979376e+02
  -5.7888000e-02  -2.7773000e-02   7.7133953e-04   3.3510000e-03   8.6143000e-02   2.7330000e-03   7.4206000e-03   7.4692890e-06  -9.6398000e-02   1.0289600e-02   9.2927000e-03   1.0587587e-04   4.4468000e-04   4.0524480e-04   1.6422335e-07   1.9774000e-07  -3.1005000e-04  -9.5086700e-04   9.6132000e-08   9.0414805e-07  -4.6560000e-04   0.0000000e+00   2.1678000e-07   0.0000000e+00   7.6549852e+02   5.5956464e+02
  -8.1526000e-02  -2.3638000e-02   5.5875504e-04   6.6464000e-03   6.8415000e-03  -7.9301390e-02   4.6806000e-05   6.2887105e-03  -6.9938000e-02   2.6460700e-02   4.8913000e-03   7.0016864e-04   2.5832000e-03   2.1384740e-03   4.5730710e-06   6.6727000e-06  -3.1005000e-04   0.0000000e+00   9.6132000e-08   0.0000000e+00  -4.6560000e-04   0.0000000e+00   2.1678000e-07   0.0000000e+00   7.7790989e+02   5.6129126e+02
  -7.3610000e-02   7.9156000e-03   6.2656723e-05   5.4184000e-03   5.1669000e-02   4.4827290e-02   2.6697000e-03   2.0094859e-03  -1.3166000e-01  -6.1721300e-02   1.7334000e-02   3.8095189e-03   1.4443000e-03  -1.1388400e-03   1.2969565e-06   2.0860000e-06   3.5018000e-05   3.4506900e-04   1.2263000e-09   1.1907261e-07  -4.6560000e-04   0.0000000e+00   2.1678000e-07   0.0000000e+00   7.6672159e+02   5.6164017e+02
  -7.7668000e-02  -4.0585000e-03   1.6471422e-05   6.0324000e-03   7.6795000e-02   2.5126600e-02   5.8975000e-03   6.3134603e-04  -4.0574000e-02   9.1085100e-02   1.6462000e-03   8.2964954e-03   1.8788000e-03   4.3445000e-04   1.8874680e-07   3.5297000e-06   4.8858000e-04   4.5356400e-04   2.3871000e-07   2.0572030e-07  -4.6560000e-04   0.0000000e+00   2.1678000e-07   0.0000000e+00   7.7246075e+02   5.5799010e+02
  -7.7689000e-02  -2.0400000e-05   4.1616000e-10   6.0355000e-03   5.0787000e-02  -2.6007900e-02   2.5794000e-03   6.7641086e-04  -7.0296000e-02  -2.9722600e-02   4.9416000e-03   8.8343295e-04   1.9204000e-03   4.1610000e-05   1.7313921e-09   3.6878000e-06   1.1269000e-04  -3.7589300e-04   1.2699000e-08   1.4129555e-07  -4.6560000e-04   0.0000000e+00   2.1678000e-07   0.0000000e+00   7.6150719e+02   5.5709645e+02
  -7.7692000e-02  -3.5000000e-06   1.2250000e-11   6.0361000e-03   1.8017000e-02  -3.2770000e-02   3.2463000e-04   1.0738729e-03  -2.7862000e-02   4.2435000e-02   7.7626000e-04   1.8007292e-03   1.6999000e-03  -2.2050000e-04   4.8620250e-08   2.8896000e-06  -2.4825000e-04  -3.6094000e-04   6.1629000e-08   1.3027768e-07  -3.9003000e-04   7.5572000e-05   1.5212000e-07   5.7111272e-09   7.6121460e+02   5.5909698e+02
  -7.7703000e-02  -1.0300000e-05   1.0609000e-10   6.0377000e-03   7.1167000e-03  -1.0900840e-02   5.0647000e-05   1.1882831e-04  -1.8663000e-02   9.1983000e-03   3.4832000e-04   8.4608723e-05   8.9506000e-04  -8.0481200e-04   6.4772236e-07   8.0113000e-07   1.4931000e-04   3.9755700e-04   2.2292000e-08   1.5805157e-07  -1.0088000e-04   2.8914700e-04   1.0177000e-08   8.3605988e-08   7.7435776e+02   5.5835886e+02
  -7.7736000e-02  -3.3100000e-05   1.0956100e-09   6.0428000e-03   5.1259000e-02   4.4141940e-02   2.6274000e-03   1.9485109e-03  -6.1667000e-02  -4.3003400e-02   3.8028000e-03   1.8492924e-03   1.0217000e-03   1.2659200e-04   1.6025534e-08   1.0438000e-06  -3.9739000e-04  -5.4670000e-04   1.5792000e-07   2.9888089e-07  -4.6560000e-04  -3.6472000e-04   2.1678000e-07   1.3302068e-07   7.6609024e+02   5.5971590e+02
  -1.0792000e-01  -3.0187300e-02   9.1127308e-04   1.1647000e-02   2.7207000e-02  -2.4052000e-02   7.4020000e-04   5.7849870e-04  -3.7071000e-02   2.4595300e-02   1.3743000e-03   6.0492878e-04   1.0217000e-03   0.0000000e+00   0.0000000e+00   1.0438000e-06  -3.3028000e-04   6.7117000e-05   1.0908000e-07   4.5046917e-09  -4.6560000e-04   0.0000000e+00   2.1678000e-07   0.0000000e+00   7.6906214e+02   5.6091547e+02
  -9.6977000e-02   1.0945600e-02   1.1980616e-04   9.4046000e-03   1.7680000e-02  -9.5267000e-03   3.1258000e-04   9.0758013e-05  -1.5671000e-02   2.1400800e-02   2.4556000e-04   4.5799424e-04   1.0217000e-03   0.0000000e+00   0.0000000e+00   1.0438000e-06  -1.2928000e-04   2.0100100e-04   1.6712000e-08   4.0401402e-08  -2.4939000e-04   2.1620500e-04   6.2197000e-08   4.6744602e-08   7.7185060e+02   5.5806096e+02
  -8.6213000e-02   1.0764800e-02   1.1588092e-04   7.4326000e-03   4.9926000e-02   3.2246400e-02   2.4926000e-03   1.0398303e-03  -4.2921000e-02  -2.7250900e-02   1.8422000e-03   7.4261155e-04   1.5851000e-03   5.6347000e-04   3.1749844e-07   2.5126000e-06  -3.5698000e-04  -2.2770700e-04   1.2744000e-07   5.1850478e-08  -4.6560000e-04  -2.1620500e-04   2.1678000e-07   4.6744602e-08   7.6643989e+02   5.5846934e+02
  -1.6129000e-01  -7.5080400e-02   5.6370665e-03   2.6015000e-02   2.0736000e-02  -2.9190100e-02   4.2999000e-04   8.5206194e-04  -7.7529000e-02  -3.4607300e-02   6.0107000e-03   1.1976652e-03   1.6741000e-03   8.8990000e-05   7.9192201e-09   2.8026000e-06  -6.4739000e-04  -2.9040400e-04   4.1911000e-07   8.4334483e-08  -8.8846000e-04  -4.2286500e-04   7.8937000e-07   1.7881481e-07   7.6105117e+02   5.5903947e+02
  -1.6129000e-01   5.0000000e-06   2.5000000e-11   2.6014000e-02   9.2614000e-03  -1.1474810e-02   8.5773000e-05   1.3167126e-04  -3.8799000e-02   3.8729800e-02   1.5054000e-03   1.4999974e-03   7.0399000e-04  -9.7011800e-04   9.4112893e-07   4.9560000e-07  -2.8211000e-04   3.6528000e-04   7.9584000e-08   1.3342948e-07  -3.3730000e-04   5.5116600e-04   1.1377000e-07   3.0378396e-07   7.6583846e+02   5.6073228e+02
  -1.3737000e-01   2.3913000e-02   5.7183157e-04   1.8872000e-02   2.7523000e-02   1.8261810e-02   7.5753000e-04   3.3349370e-04  -3.3723000e-02   5.0757000e-03   1.1373000e-03   2.5762730e-05   9.5242000e-04   2.4843000e-04   6.1717465e-08   9.0711000e-07  -4.3851000e-04  -1.5639800e-04   1.9229000e-07   2.4460334e-08  -5.8405000e-04  -2.4675200e-04   3.4111000e-07   6.0886550e-08   7.6649892e+02   5.5608277e+02
  -1.4536000e-01  -7.9850000e-03   6.3760225e-05   2.1130000e-02   3.4379000e-03  -2.4085290e-02   1.1819000e-05   5.8010119e-04  -4.8945000e-02  -1.5221300e-02   2.3956000e-03   2.3168797e-04   1.7305000e-03   7.7806800e-04   6.0538981e-07   2.9946000e-06  -7.1671000e-04  -2.7820700e-04   5.1368000e-07   7.7399135e-08  -3.3730000e-04   2.4675200e-04   1.1377000e-07   6.0886550e-08   7.6450386e+02   5.5741446e+02
  -1.2654000e-01   1.8821000e-02   3.5423004e-04   1.6012000e-02  -2.9305000e-02  -3.2742510e-02   8.5876000e-04   1.0720720e-03  -2.5566000e-02   2.3378800e-02   6.5361000e-04   5.4656829e-04   1.2806000e-03  -4.4986000e-04   2.0237402e-07   1.6400000e-06  -5.9732000e-04   1.1939500e-04   3.5679000e-07   1.4255166e-08  -3.3730000e-04   0.0000000e+00   1.1377000e-07   0.0000000e+00   7.6723804e+02   5.6001262e+02
  -1.2357000e-01   2.9710000e-03   8.8268410e-06   1.5269000e-02   1.1818000e-02   4.1122800e-02   1.3967000e-04   1.6910847e-03  -5.4514000e-02  -2.8948400e-02   2.9718000e-03   8.3800986e-04   1.1550000e-03  -1.2562000e-04   1.5780384e-08   1.3340000e-06  -3.1757000e-04   2.7975000e-04   1.0085000e-07   7.8260063e-08  -3.3730000e-04   0.0000000e+00   1.1377000e-07   0.0000000e+00   7.6372810e+02   5.5821601e+02
  -1.6580000e-01  -4.2235000e-02   1.7837952e-03   2.7491000e-02   4.1020000e-02   2.9202200e-02   1.6827000e-03   8.5276848e-04  -8.9468000e-02  -3.4954300e-02   8.0046000e-03   1.2218031e-03   1.5239000e-03   3.6885000e-04   1.3605032e-07   2.3221000e-06  -7.9394000e-04  -4.7637300e-04   6.3034000e-07   2.2693124e-07  -8.2788000e-04  -4.9058600e-04   6.8539000e-07   2.4067462e-07   7.7017646e+02   5.5865010e+02
  -1.5366000e-01   1.2147000e-02   1.4754961e-04   2.3610000e-02   2.8431000e-02  -1.2589200e-02   8.0833000e-04   1.5848796e-04  -7.9510000e-02   9.9581000e-03   6.3219000e-03   9.9163756e-05   1.5611000e-03   3.7260000e-05   1.3883076e-09   2.4371000e-06  -7.9394000e-04   0.0000000e+00   6.3034000e-07   0.0000000e+00  -7.5822000e-04   6.9668000e-05   5.7489000e-07   4.8536302e-09   7.7271828e+02   5.6083373e+02
  -1.7010000e-01  -1.6446000e-02   2.7047092e-04   2.8935000e-02   1.9262000e-02  -9.1688000e-03   3.7104000e-04   8.4066893e-05  -6.3799000e-02   1.5711400e-02   4.0703000e-03   2.4684809e-04   1.6963000e-03   1.3516000e-04   1.8268226e-08   2.8774000e-06  -1.1603000e-04   6.7790700e-04   1.3464000e-08   4.5955790e-07  -8.2788000e-04  -6.9668000e-05   6.8539000e-07   4.8536302e-09   7.6960890e+02   5.5668744e+02
  -1.5366000e-01   1.6441000e-02   2.7030648e-04   2.3612000e-02   3.9581000e-02   2.0318500e-02   1.5666000e-03   4.1284144e-04  -7.1736000e-02  -7.9376000e-03   5.1461000e-03   6.3005494e-05   1.8541000e-03   1.5787000e-04   2.4922937e-08   3.4379000e-06  -5.3095000e-04  -4.1491700e-04   2.8191000e-07   1.7215612e-07  -8.2788000e-04   0.0000000e+00   6.8539000e-07   0.0000000e+00   7.6312171e+02   5.5748191e+02
  -1.5854000e-01  -4.8800000e-03   2.3814400e-05   2.5135000e-02   2.7445000e-02  -1.2136000e-02   7.5322000e-04   1.4728250e-04  -9.0003000e-02  -1.8266300e-02   8.1005000e-03   3.3365772e-04   1.8248000e-03  -2.9390000e-05   8.6377210e-10   3.3297000e-06  -5.8372000e-04  -5.2771000e-05   3.4073000e-07   2.7847784e-09  -8.2788000e-04   0.0000000e+00   6.8539000e-07   0.0000000e+00   7.6592641e+02   5.5946511e+02
  -1.5368000e-01   4.8610000e-03   2.3629321e-05   2.3618000e-02   2.2997000e-02  -4.4480000e-03   5.2886000e-04   1.9784704e-05  -6.7661000e-02   2.2342200e-02   4.5780000e-03   4.9917390e-04   1.2164000e-03  -6.0840000e-04   3.7015056e-07   1.4795000e-06  -6.1202000e-04  -2.8299000e-05   3.7457000e-07   8.0083340e-10  -7.5247000e-04   7.5418000e-05   5.6621000e-07   5.6878747e-09   7.6804510e+02   5.5830291e+02
  -1.4996000e-01   3.7230000e-03   1.3860729e-05   2.2487000e-02   5.3977000e-02   3.0980000e-02   2.9135000e-03   9.5976040e-04  -6.3311000e-02   4.3496000e-03   4.0083000e-03   1.8919020e-05   1.4739000e-03   2.5752000e-04   6.6316550e-08   2.1723000e-06  -1.1603000e-04   4.9598700e-04   1.3464000e-08   2.4600310e-07  -3.7711000e-04   3.7535800e-04   1.4221000e-07   1.4089363e-07   7.6401098e+02   5.5739940e+02
  -1.5367000e-01  -3.7140000e-03   1.3793796e-05   2.3615000e-02   3.9259000e-02  -1.4717600e-02   1.5413000e-03   2.1660775e-04  -5.5132000e-02   8.1794000e-03   3.0395000e-03   6.6902584e-05   1.9893000e-03   5.1537000e-04   2.6560624e-07   3.9571000e-06  -4.0494000e-04  -2.8890300e-04   1.6397000e-07   8.3464943e-08  -4.6268000e-04  -8.5575000e-05   2.1408000e-07   7.3230806e-09   7.6359814e+02   5.5707889e+02
  -1.5368000e-01  -5.0000000e-06   2.5000000e-11   2.3616000e-02  -1.2349000e-02  -5.1607800e-02   1.5249000e-04   2.6633650e-03  -5.2186000e-02   2.9452000e-03   2.7234000e-03   8.6742030e-06   1.7300000e-03  -2.5921000e-04   6.7189824e-08   2.9930000e-06  -5.4973000e-04  -1.4479600e-04   3.0221000e-07   2.0965882e-08  -3.7711000e-04   8.5575000e-05   1.4221000e-07   7.3230806e-09   7.6516313e+02   5.5954688e+02
  -1.1821000e-01   3.5471000e-02   1.2581918e-03   1.3972000e-02   1.0194000e-02   2.2542900e-02   1.0393000e-04   5.0818234e-04  -9.6525000e-02  -4.4338400e-02   9.3170000e-03   1.9658937e-03   2.0031000e-03   2.7311000e-04   7.4589072e-08   4.0126000e-06   1.5619000e-06   5.5129393e-04   2.4396000e-12   3.0392500e-07  -3.7711000e-04   0.0000000e+00   1.4221000e-07   0.0000000e+00   7.7412202e+02   5.6141125e+02
  -1.4390000e-01  -2.5695000e-02   6.6023303e-04   2.0707000e-02   9.6135000e-02   8.5940400e-02   9.2419000e-03   7.3857524e-03  -8.7180000e-02   9.3445000e-03   7.6004000e-03   8.7319680e-05   2.3969000e-03   3.9376000e-04   1.5504694e-07   5.7452000e-06  -1.6291000e-04  -1.6446993e-04   2.6539000e-08   2.7050358e-08  -8.2681000e-04  -4.4970400e-04   6.8362000e-07   2.0223369e-07   7.7897250e+02   5.5943710e+02
  -1.7658000e-01  -3.2675000e-02   1.0676556e-03   3.1179000e-02   6.0747000e-02  -3.5388200e-02   3.6901000e-03   1.2523247e-03  -8.5617000e-02   1.5629000e-03   7.3303000e-03   2.4426564e-06   2.6023000e-03   2.0544000e-04   4.2205594e-08   6.7722000e-06  -4.4922000e-04  -2.8631300e-04   2.0180000e-07   8.1975134e-08  -9.8416000e-04  -1.5734600e-04   9.6857000e-07   2.4757764e-08   7.7957592e+02   5.6039280e+02
  -2.0000000e-01  -2.3423000e-02   5.4863693e-04   3.9999000e-02   6.0774000e-02   2.7300000e-05   3.6935000e-03   7.4529000e-10  -4.3873000e-02   4.1744500e-02   1.9248000e-03   1.7426033e-03   2.1759000e-03  -4.2642000e-04   1.8183402e-07   4.7347000e-06  -1.6291000e-04   2.8631300e-04   2.6539000e-08   8.1975134e-08  -8.2681000e-04   1.5734600e-04   6.8362000e-07   2.4757764e-08   7.6473425e+02   5.5750198e+02
  -1.8352000e-01   1.6473000e-02   2.7135973e-04   3.3681000e-02   8.1225000e-02   2.0451300e-02   6.5975000e-03   4.1825567e-04  -5.5778000e-02  -1.1904800e-02   3.1112000e-03   1.4172426e-04   2.3274000e-03   1.5148000e-04   2.2946190e-08   5.4168000e-06  -2.1335000e-04  -5.0442000e-05   4.5518000e-08   2.5443954e-09  -8.2681000e-04   1.0000000e-09   6.8362000e-07   1.0000000e-18   7.5633202e+02   5.5672238e+02
  -1.9788000e-01  -1.4356000e-02   2.0609474e-04   3.9157000e-02   6.6108000e-02  -1.5117300e-02   4.3703000e-03   2.2853276e-04  -7.0052000e-02  -1.4274500e-02   4.9073000e-03   2.0376135e-04   2.3147000e-03  -1.2750000e-05   1.6256250e-10   5.3577000e-06  -5.8176000e-04  -3.6840800e-04   3.3844000e-07   1.3572445e-07  -1.1265000e-03  -2.9972900e-04   1.2691000e-06   8.9837473e-08   7.6537451e+02   5.5883598e+02
  -2.0003000e-01  -2.1490000e-03   4.6182010e-06   4.0012000e-02   5.1876000e-02  -1.4231500e-02   2.6912000e-03   2.0253559e-04  -5.6564000e-02   1.3488300e-02   3.1995000e-03   1.8193424e-04   1.8862000e-03  -4.2848000e-04   1.8359511e-07   3.5577000e-06  -5.9586000e-04  -1.4102000e-05   3.5505000e-07   1.9886640e-10  -7.7281000e-04   3.5372800e-04   5.9724000e-07   1.2512350e-07   7.7407982e+02   5.5944195e+02
  -1.6139000e-01   3.8640000e-02   1.4930496e-03   2.6047000e-02   5.1927000e-02   5.0500000e-05   2.6964000e-03   2.5502500e-09  -6.1324000e-02  -4.7597000e-03   3.7606000e-03   2.2654744e-05   1.6769000e-03  -2.0923000e-04   4.3777193e-08   2.8122000e-06  -4.5920000e-04   1.3665800e-04   2.1087000e-07   1.8675409e-08  -5.9606000e-04   1.7675000e-04   3.5529000e-07   3.1240563e-08   7.6303435e+02   5.5861227e+02
  -1.6054000e-01   8.4700000e-04   7.1740900e-07   2.5774000e-02   5.1885000e-02  -4.1700000e-05   2.6921000e-03   1.7388900e-09  -7.7275000e-02  -1.5951800e-02   5.9715000e-03   2.5445992e-04   2.4255000e-03   7.4855000e-04   5.6032710e-07   5.8831000e-06  -5.2531000e-04  -6.6111000e-05   2.7595000e-07   4.3706643e-09  -7.5183000e-04  -1.5577100e-04   5.6525000e-07   2.4264604e-08   7.6330099e+02   5.5956018e+02
  -1.5593000e-01   4.6160000e-03   2.1307456e-05   2.4313000e-02   5.1804000e-02  -8.1200000e-05   2.6837000e-03   6.5934400e-09  -1.0570000e-01  -2.8423600e-02   1.1172000e-02   8.0790104e-04   3.9019000e-03   1.4764500e-03   2.1799046e-06   1.5225000e-05   1.2251000e-04   6.4782800e-04   1.5010000e-08   4.1968112e-07  -7.5183000e-04   1.0000000e-09   5.6525000e-07   1.0000000e-18   7.6877569e+02   5.5847713e+02
  -1.2206000e-01   3.3869000e-02   1.1471092e-03   1.4898000e-02   1.2560000e-01   7.3799000e-02   1.5776000e-02   5.4462924e-03  -1.8927000e-01  -8.3573000e-02   3.5824000e-02   6.9844463e-03   3.1752000e-03  -7.2672000e-04   5.2812196e-07   1.0082000e-05  -3.4206000e-04  -4.6457000e-04   1.1700000e-07   2.1582528e-07  -8.6008000e-04  -1.0824800e-04   7.3974000e-07   1.1717630e-08   7.8481745e+02   5.6061147e+02
  -2.0532000e-01  -8.3265000e-02   6.9330602e-03   4.2158000e-02   1.2141000e-01  -4.1930000e-03   1.4740000e-02   1.7581249e-05  -1.3257000e-01   5.6707000e-02   1.7573000e-02   3.2156838e-03   2.8360000e-03  -3.3927000e-04   1.1510413e-07   8.0427000e-06  -5.8278000e-04  -2.4072800e-04   3.3964000e-07   5.7949970e-08  -1.4167000e-03  -5.5661000e-04   2.0070000e-06   3.0981469e-07   7.8659916e+02   5.6098440e+02
  -1.7626000e-01   2.9065000e-02   8.4477423e-04   3.1067000e-02   6.8542000e-02  -5.2867500e-02   4.6981000e-03   2.7949726e-03  -6.3838000e-02   6.8726900e-02   4.0753000e-03   4.7233868e-03   2.0734000e-03  -7.6259000e-04   5.8154351e-07   4.2989000e-06  -2.0804000e-05   5.6197880e-04   4.3281000e-10   3.1582017e-07  -5.8749000e-04   8.2920100e-04   3.4514000e-07   6.8757430e-07   7.6412628e+02   5.5807677e+02
  -1.6352000e-01   1.2736000e-02   1.6220570e-04   2.6739000e-02   8.9866000e-02   2.1323000e-02   8.0758000e-03   4.5467033e-04  -8.3851000e-02  -2.0013200e-02   7.0310000e-03   4.0052817e-04   2.6511000e-03   5.7770000e-04   3.3373729e-07   7.0282000e-06  -1.4698000e-04  -1.2617980e-04   2.1604000e-08   1.5921342e-08  -8.4754000e-04  -2.6005400e-04   7.1833000e-07   6.7628083e-08   7.6026570e+02   5.5767413e+02
  -1.9156000e-01  -2.8036000e-02   7.8601730e-04   3.6694000e-02   8.5999000e-02  -3.8670000e-03   7.3957000e-03   1.4953689e-05  -8.6611000e-02  -2.7596000e-03   7.5014000e-03   7.6153922e-06   3.1447000e-03   4.9359000e-04   2.4363109e-07   9.8889000e-06  -9.4395000e-04  -7.9697000e-04   8.9105000e-07   6.3516118e-07  -1.1316000e-03  -2.8400700e-04   1.2804000e-06   8.0659976e-08   7.7079849e+02   5.5896615e+02
  -1.8446000e-01   7.1000000e-03   5.0410000e-05   3.4025000e-02   6.1974000e-02  -2.4024100e-02   3.8408000e-03   5.7715738e-04  -8.6614000e-02  -2.8000000e-06   7.5019000e-03   7.8400000e-12   2.5780000e-03  -5.6668000e-04   3.2112622e-07   6.6460000e-06  -7.5711000e-04   1.8684500e-04   5.7321000e-07   3.4911054e-08  -8.4754000e-04   2.8400700e-04   7.1833000e-07   8.0659976e-08   7.7065487e+02   5.5886630e+02
  -1.7137000e-01   1.3083000e-02   1.7116489e-04   2.9369000e-02   9.6799000e-02   3.4824300e-02   9.3700000e-03   1.2127319e-03  -8.4195000e-02   2.4186000e-03   7.0888000e-03   5.8496260e-06   2.5550000e-03  -2.3000000e-05   5.2900000e-10   6.5279000e-06  -6.6667000e-04   9.0442000e-05   4.4444000e-07   8.1797554e-09  -8.4754000e-04   0.0000000e+00   7.1833000e-07   0.0000000e+00   7.6183644e+02   5.5797665e+02
  -1.9100000e-01  -1.9627000e-02   3.8521913e-04   3.6482000e-02   8.2626000e-02  -1.4172900e-02   6.8270000e-03   2.0087109e-04  -1.0293000e-01  -1.8739900e-02   1.0596000e-02   3.5118385e-04   2.3244000e-03  -2.3062000e-04   5.3185584e-08   5.4026000e-06  -1.1725000e-03  -5.0581300e-04   1.3747000e-06   2.5584679e-07  -9.5196000e-04  -1.0441600e-04   9.0623000e-07   1.0902701e-08   7.6134931e+02   5.5907746e+02
  -1.8479000e-01   6.2110000e-03   3.8576521e-05   3.4148000e-02   4.7579000e-02  -3.5046800e-02   2.2638000e-03   1.2282782e-03  -7.1272000e-02   3.1662900e-02   5.0797000e-03   1.0025392e-03   1.9142000e-03  -4.1018000e-04   1.6824763e-07   3.6641000e-06  -1.3397000e-03  -1.6720000e-04   1.7947000e-06   2.7955840e-08  -7.4438000e-04   2.0757600e-04   5.5411000e-07   4.3087796e-08   7.6670059e+02   5.5803236e+02
  -1.7141000e-01   1.3386000e-02   1.7918500e-04   2.9380000e-02   6.2344000e-02   1.4765400e-02   3.8868000e-03   2.1801704e-04  -7.0220000e-02   1.0520000e-03   4.9309000e-03   1.1067040e-06   2.7885000e-03   8.7432000e-04   7.6443546e-07   7.7757000e-06  -5.8762000e-04   7.5205600e-04   3.4530000e-07   5.6558823e-07  -6.2827000e-04   1.1611500e-04   3.9472000e-07   1.3482693e-08   7.6795813e+02   5.5560611e+02
  -1.7811000e-01  -6.7080000e-03   4.4997264e-05   3.1724000e-02   1.0200000e-01   3.9658600e-02   1.0405000e-02   1.5728046e-03  -1.2022000e-01  -4.9998900e-02   1.4453000e-02   2.4998900e-03   3.4757000e-03   6.8722000e-04   4.7227133e-07   1.2081000e-05  -8.9402000e-04  -3.0639900e-04   7.9928000e-07   9.3880347e-08  -9.5563000e-04  -3.2736600e-04   9.1324000e-07   1.0716850e-07   7.6758491e+02   5.5546761e+02
  -1.7145000e-01   6.6640000e-03   4.4408896e-05   2.9395000e-02   4.3384000e-02  -5.8619100e-02   1.8822000e-03   3.4361989e-03  -1.1281000e-01   7.4070000e-03   1.2727000e-02   5.4863649e-05   2.8516000e-03  -6.2410000e-04   3.8950081e-07   8.1317000e-06  -7.3854000e-04   1.5548500e-04   5.4544000e-07   2.4175585e-08  -9.4265000e-04   1.2987000e-05   8.8858000e-07   1.6866217e-10   7.7305862e+02   5.6031361e+02
  -1.7541000e-01  -3.9560000e-03   1.5649936e-05   3.0767000e-02   6.4702000e-02   2.1317800e-02   4.1863000e-03   4.5444860e-04  -1.2022000e-01  -7.4050000e-03   1.4452000e-02   5.4834025e-05   2.5695000e-03  -2.8211000e-04   7.9586052e-08   6.6024000e-06  -6.5512000e-04   8.3422000e-05   4.2918000e-07   6.9592301e-09  -9.4265000e-04   0.0000000e+00   8.8858000e-07   0.0000000e+00   7.7279970e+02   5.5998915e+02
  -1.9161000e-01  -1.6202000e-02   2.6250480e-04   3.6713000e-02   1.1025000e-01   4.5549300e-02   1.2155000e-02   2.0747387e-03  -1.5994000e-01  -3.9724000e-02   2.5581000e-02   1.5779962e-03   3.1584000e-03   5.8891000e-04   3.4681499e-07   9.9756000e-06  -5.8762000e-04   6.7492000e-05   3.4530000e-07   4.5551701e-09  -1.3472000e-03  -4.0453300e-04   1.8149000e-06   1.6364695e-07   7.6483092e+02   5.6126657e+02
  -2.1664000e-01  -2.5034000e-02   6.2670116e-04   4.6933000e-02   9.5050000e-02  -1.5201100e-02   9.0345000e-03   2.3107344e-04  -1.1902000e-01   4.0919000e-02   1.4166000e-02   1.6743646e-03   3.7392000e-03   5.8075000e-04   3.3727056e-07   1.3981000e-05  -7.3847000e-04  -1.5084900e-04   5.4534000e-07   2.2755421e-08  -1.3472000e-03   0.0000000e+00   1.8149000e-06   0.0000000e+00   7.7185674e+02   5.5946656e+02
  -2.1663000e-01   7.0000000e-06   4.9000000e-11   4.6930000e-02   9.5117000e-02   6.7500000e-05   9.0473000e-03   4.5562500e-09  -1.1901000e-01   1.2000000e-05   1.4163000e-02   1.4400000e-10   3.2493000e-03  -4.8987000e-04   2.3997262e-07   1.0558000e-05  -6.8147000e-04   5.7007000e-05   4.6440000e-07   3.2497980e-09  -1.2880000e-03   5.9190000e-05   1.6589000e-06   3.5034561e-09   7.6927411e+02   5.5779209e+02
  -1.9967000e-01   1.6967000e-02   2.8787909e-04   3.9867000e-02   1.0766000e-01   1.2538600e-02   1.1590000e-02   1.5721649e-04  -1.4769000e-01  -2.8683000e-02   2.1813000e-02   8.2271449e-04   3.5201000e-03   2.7076000e-04   7.3310978e-08   1.2391000e-05  -8.3561000e-04  -1.5414000e-04   6.9824000e-07   2.3759140e-08  -1.3472000e-03  -5.9190000e-05   1.8149000e-06   3.5034561e-09   7.5948816e+02   5.5605433e+02
  -2.1663000e-01  -1.6967000e-02   2.8787909e-04   4.6930000e-02   4.8082000e-02  -5.9574100e-02   2.3119000e-03   3.5490734e-03  -9.9436000e-02   4.8256900e-02   9.8875000e-03   2.3287284e-03   3.2493000e-03  -2.7076000e-04   7.3310978e-08   1.0558000e-05  -7.5352000e-04   8.2084000e-05   5.6780000e-07   6.7377831e-09  -1.3472000e-03   0.0000000e+00   1.8149000e-06   0.0000000e+00   7.6612570e+02   5.5786408e+02
  -1.9235000e-01   2.4285000e-02   5.8976123e-04   3.6998000e-02   7.9384000e-02   3.1302000e-02   6.3018000e-03   9.7981520e-04  -1.1273000e-01  -1.3289900e-02   1.2707000e-02   1.7662144e-04   3.1160000e-03  -1.3330000e-04   1.7768890e-08   9.7095000e-06  -3.9484000e-04   3.5868000e-04   1.5590000e-07   1.2865134e-07  -8.0839000e-04   5.3878700e-04   6.5350000e-07   2.9029143e-07   7.6889059e+02   5.5540865e+02
  -1.9271000e-01  -3.6300000e-04   1.3176900e-07   3.7138000e-02   9.5992000e-02   1.6608000e-02   9.2144000e-03   2.7582566e-04  -1.4416000e-01  -3.1437000e-02   2.0783000e-02   9.8828497e-04   3.4510000e-03   3.3503000e-04   1.1224510e-07   1.1910000e-05  -8.5753000e-04  -4.6268900e-04   7.3536000e-07   2.1408111e-07  -1.2296000e-03  -4.2119700e-04   1.5119000e-06   1.7740691e-07   7.7108237e+02   5.5870049e+02
  -1.9407000e-01  -1.3610000e-03   1.8523210e-06   3.7664000e-02   2.3362000e-02  -7.2630000e-02   5.4578000e-04   5.2751169e-03  -1.3910000e-01   5.0590000e-03   1.9350000e-02   2.5593481e-05   2.6167000e-03  -8.3429000e-04   6.9603980e-07   6.8473000e-06  -8.2093000e-04   3.6600000e-05   6.7393000e-07   1.3395600e-09  -1.1356000e-03   9.3970000e-05   1.2896000e-06   8.8303609e-09   7.6881551e+02   5.6141751e+02
  -1.8401000e-01   1.0068000e-02   1.0136462e-04   3.3858000e-02   3.4895000e-02   1.1532900e-02   1.2176000e-03   1.3300778e-04  -1.8309000e-01  -4.3985000e-02   3.3522000e-02   1.9346802e-03   3.0306000e-03   4.1386000e-04   1.7128010e-07   9.1845000e-06  -9.3253000e-04  -1.1159400e-04   8.6960000e-07   1.2453221e-08  -1.1521000e-03  -1.6500000e-05   1.3274000e-06   2.7225000e-10   7.7080939e+02   5.5902085e+02
  -1.9912000e-01  -1.5119000e-02   2.2858416e-04   3.9650000e-02   7.2567000e-02   3.7672700e-02   5.2660000e-03   1.4192323e-03  -1.5791000e-01   2.5176000e-02   2.4937000e-02   6.3383098e-04   3.3996000e-03   3.6900000e-04   1.3616100e-07   1.1557000e-05  -3.2423000e-04   6.0829400e-04   1.0513000e-07   3.7002159e-07  -1.2152000e-03  -6.3060000e-05   1.4767000e-06   3.9765636e-09   7.6826915e+02   5.5779456e+02
  -1.7950000e-01   1.9628000e-02   3.8525838e-04   3.2219000e-02   7.5125000e-02   2.5576000e-03   5.6438000e-03   6.5413178e-06  -2.6446000e-01  -1.0655000e-01   6.9941000e-02   1.1352902e-02   5.6118000e-03   2.2122200e-03   4.8939173e-06   3.1493000e-05  -7.1834000e-04  -3.9410800e-04   5.1601000e-07   1.5532112e-07  -9.6978000e-04   2.4540100e-04   9.4047000e-07   6.0221651e-08   7.7252612e+02   5.5735933e+02
  -2.0382000e-01  -2.4321000e-02   5.9151104e-04   4.1541000e-02   7.2549000e-02  -2.5759000e-03   5.2634000e-03   6.6352608e-06  -2.2630000e-01   3.8159000e-02   5.1214000e-02   1.4561093e-03   4.1765000e-03  -1.4353400e-03   2.0602009e-06   1.7443000e-05  -7.6947000e-04  -5.1135000e-05   5.9209000e-07   2.6147882e-09  -1.7454000e-03  -7.7558100e-04   3.0463000e-06   6.0152589e-07   7.6841019e+02   5.6065771e+02
  -1.8275000e-01   2.1071000e-02   4.4398704e-04   3.3396000e-02   6.8316000e-02  -4.2335000e-03   4.6670000e-03   1.7922522e-05  -1.5747000e-01   6.8835000e-02   2.4796000e-02   4.7382572e-03   3.9657000e-03  -2.1079000e-04   4.4432424e-08   1.5727000e-05  -4.2436000e-04   3.4511700e-04   1.8008000e-07   1.1910574e-07  -1.2839000e-03   4.6145000e-04   1.6484000e-06   2.1293610e-07   7.7111426e+02   5.5683166e+02
  -1.7944000e-01   3.3070000e-03   1.0936249e-05   3.2198000e-02   1.0304000e-01   3.4726300e-02   1.0618000e-02   1.2059159e-03  -2.3312000e-01  -7.5654000e-02   5.4346000e-02   5.7235277e-03   4.4384000e-03   4.7271000e-04   2.2345474e-07   1.9699000e-05  -2.6127000e-04   1.6308400e-04   6.8264000e-08   2.6596391e-08  -1.8250000e-03  -5.4109000e-04   3.3306000e-06   2.9277839e-07   7.6173560e+02   5.5873641e+02
  -2.2343000e-01  -4.3994000e-02   1.9354720e-03   4.9922000e-02   1.2242000e-01   1.9376000e-02   1.4986000e-02   3.7542938e-04  -1.8288000e-01   5.0245000e-02   3.3444000e-02   2.5245600e-03   3.8970000e-03  -5.4143000e-04   2.9314644e-07   1.5186000e-05  -7.3640000e-04  -4.7512600e-04   5.4228000e-07   2.2574472e-07  -1.9364000e-03  -1.1138000e-04   3.7496000e-06   1.2405504e-08   7.6706866e+02   5.5946323e+02
  -2.2340000e-01   2.9000000e-05   8.4100000e-10   4.9909000e-02   1.0982000e-01  -1.2602000e-02   1.2060000e-02   1.5881040e-04  -1.6117000e-01   2.1704000e-02   2.5977000e-02   4.7106362e-04   3.2774000e-03  -6.1960000e-04   3.8390416e-07   1.0741000e-05  -7.4553000e-04  -9.1260000e-06   5.5581000e-07   8.3283876e-11  -1.4569000e-03   4.7952000e-04   2.1224000e-06   2.2993943e-07   7.7125769e+02   5.5801554e+02
  -2.2346000e-01  -5.7000000e-05   3.2490000e-09   4.9935000e-02   1.2239000e-01   1.2572000e-02   1.4979000e-02   1.5805518e-04  -1.9746000e-01  -3.6286000e-02   3.8990000e-02   1.3166738e-03   4.2590000e-03   9.8167000e-04   9.6367599e-07   1.8139000e-05  -8.6447000e-04  -1.1894400e-04   7.4731000e-07   1.4147675e-08  -1.8953000e-03  -4.3844000e-04   3.5922000e-06   1.9222963e-07   7.6222313e+02   5.5692255e+02
  -2.0953000e-01   1.3933000e-02   1.9412849e-04   4.3902000e-02   4.7409000e-02  -7.4978900e-02   2.2476000e-03   5.6218354e-03  -1.8281000e-01   1.4649000e-02   3.3420000e-02   2.1459320e-04   3.9283000e-03  -3.3071000e-04   1.0936910e-07   1.5432000e-05  -8.6447000e-04   0.0000000e+00   7.4731000e-07   0.0000000e+00  -1.4391000e-03   4.5625000e-04   2.0709000e-06   2.0816406e-07   7.6686204e+02   5.5878966e+02
  -2.0847000e-01   1.0540000e-03   1.1109160e-06   4.3461000e-02   1.1438000e-01   6.6973900e-02   1.3083000e-02   4.4855033e-03  -2.4993000e-01  -6.7114000e-02   6.2463000e-02   4.5042890e-03   4.6960000e-03   7.6770000e-04   5.8936329e-07   2.2053000e-05  -7.6723000e-04   9.7241000e-05   5.8864000e-07   9.4558121e-09  -1.9209000e-03  -4.8189000e-04   3.6900000e-06   2.3221797e-07   7.6690463e+02   5.5875190e+02
  -1.9418000e-01   1.4293000e-02   2.0428985e-04   3.7706000e-02   1.1232000e-01  -2.0580000e-03   1.2617000e-02   4.2353640e-06  -2.3656000e-01   1.3363000e-02   5.5962000e-02   1.7856977e-04   4.4209000e-03  -2.7513000e-04   7.5696517e-08   1.9544000e-05  -7.6462000e-04   2.6040000e-06   5.8465000e-07   6.7808160e-12  -2.0174000e-03  -9.6500000e-05   4.0701000e-06   9.3122500e-09   7.7434765e+02   5.5653732e+02
  -2.4990000e-01  -5.5717000e-02   3.1043841e-03   6.2449000e-02   1.5411000e-01   4.1787000e-02   2.3751000e-02   1.7461534e-03  -2.7230000e-01  -3.5742000e-02   7.4149000e-02   1.2774906e-03   5.4286000e-03   1.0076700e-03   1.0153988e-06   2.9469000e-05  -4.5044000e-04   3.1418100e-04   2.0290000e-07   9.8709701e-08  -2.9859000e-03  -9.6842000e-04   8.9154000e-06   9.3783730e-07   7.6513005e+02   5.5855256e+02
  -2.6094000e-01  -1.1039000e-02   1.2185952e-04   6.8088000e-02   1.2182000e-01  -3.2294000e-02   1.4840000e-02   1.0429024e-03  -2.2623000e-01   4.6073000e-02   5.1180000e-02   2.1227213e-03   5.0668000e-03  -3.6178000e-04   1.3088477e-07   2.5672000e-05  -7.2802000e-04  -2.7757400e-04   5.3001000e-07   7.7047325e-08  -2.5378000e-03   4.4808000e-04   6.4403000e-06   2.0077569e-07   7.6919844e+02   5.5989998e+02
  -2.7791000e-01  -1.6969000e-02   2.8794696e-04   7.7232000e-02   8.9244000e-02  -3.2574400e-02   7.9644000e-03   1.0610915e-03  -1.9984000e-01   2.6394000e-02   3.9935000e-02   6.9664324e-04   4.6412000e-03  -4.2555000e-04   1.8109280e-07   2.1541000e-05  -5.3962000e-04   1.8839900e-04   2.9119000e-07   3.5494183e-08  -2.7110000e-03  -1.7322000e-04   7.3495000e-06   3.0005168e-08   7.7051580e+02   5.5793513e+02
  -2.7022000e-01   7.6890000e-03   5.9120721e-05   7.3017000e-02   1.0702000e-01   1.7772400e-02   1.1452000e-02   3.1585820e-04  -1.9239000e-01   7.4460000e-03   3.7014000e-02   5.5442916e-05   4.9199000e-03   2.7869000e-04   7.7668116e-08   2.4206000e-05  -2.0502000e-04   3.3459400e-04   4.2035000e-08   1.1195314e-07  -2.5378000e-03   1.7322000e-04   6.4403000e-06   3.0005168e-08   7.6689928e+02   5.5592236e+02
  -2.6297000e-01   7.2440000e-03   5.2475536e-05   6.9155000e-02   1.5338000e-01   4.6362000e-02   2.3525000e-02   2.1494350e-03  -2.5991000e-01  -6.7516000e-02   6.7552000e-02   4.5584103e-03   5.7702000e-03   8.5031000e-04   7.2302710e-07   3.3296000e-05  -9.9044000e-04  -7.8541800e-04   9.8098000e-07   6.1688143e-07  -2.9579000e-03  -4.2008000e-04   8.7489000e-06   1.7646721e-07   7.6545078e+02   5.5821124e+02
  -2.4814000e-01   1.4835000e-02   2.2007723e-04   6.1572000e-02   9.3193000e-02  -6.0184600e-02   8.6850000e-03   3.6221861e-03  -2.1047000e-01   4.9442000e-02   4.4296000e-02   2.4445114e-03   5.0158000e-03  -7.5447000e-04   5.6922498e-07   2.5158000e-05  -4.3575000e-04   5.5469700e-04   1.8987000e-07   3.0768876e-07  -2.5378000e-03   4.2008000e-04   6.4403000e-06   1.7646721e-07   7.6199591e+02   5.5949837e+02
  -2.4106000e-01   7.0760000e-03   5.0069776e-05   5.8111000e-02   1.0800000e-01   1.4804600e-02   1.1664000e-02   2.1917618e-04  -2.5226000e-01  -4.1796000e-02   6.3636000e-02   1.7469056e-03   5.1020000e-03   8.6230000e-05   7.4356129e-09   2.6030000e-05  -7.2679000e-04  -2.9104900e-04   5.2823000e-07   8.4709520e-08  -2.5378000e-03   0.0000000e+00   6.4403000e-06   0.0000000e+00   7.6529091e+02   5.5815811e+02
  -1.0640000e-02   2.3042200e-01   5.3094298e-02   1.1321000e-04   2.0591000e-02  -8.7406700e-02   4.2400000e-04   7.6399312e-03  -3.7469000e-01  -1.2242700e-01   1.4039000e-01   1.4988370e-02   7.3581000e-03   2.2560900e-03   5.0899421e-06   5.4141000e-05   4.6819000e-04   1.1949820e-03   2.1920000e-07   1.4279820e-06  -1.4234000e-03   1.1144200e-03   2.0260000e-06   1.2419319e-06   7.8474950e+02   5.6383488e+02
  -1.9455000e-01  -1.8390800e-01   3.3822152e-02   3.7849000e-02   1.0487000e-01   8.4278700e-02   1.0998000e-02   7.1028993e-03  -2.3870000e-01   1.3599200e-01   5.6976000e-02   1.8493824e-02   6.2947000e-03  -1.0634300e-03   1.1308834e-06   3.9623000e-05   6.4671000e-04   1.7852000e-04   4.1823000e-07   3.1869390e-08  -2.5475000e-03  -1.1241500e-03   6.4898000e-06   1.2637132e-06   7.8761106e+02   5.6205188e+02
  -1.9760000e-01  -3.0510000e-03   9.3086010e-06   3.9045000e-02   1.4726000e-01   4.2393000e-02   2.1686000e-02   1.7971664e-03  -2.3502000e-01   3.6800000e-03   5.5233000e-02   1.3542400e-05   5.5450000e-03  -7.4964000e-04   5.6196013e-07   3.0747000e-05   9.9567000e-04   3.4896300e-04   9.9136000e-07   1.2177518e-07  -2.3371000e-03   2.1043000e-04   5.4619000e-06   4.4280785e-08   7.6526634e+02   5.5736595e+02
  -2.0802000e-01  -1.0418000e-02   1.0853472e-04   4.3271000e-02   1.2952000e-01  -1.7745000e-02   1.6775000e-02   3.1488503e-04  -2.4473000e-01  -9.7140000e-03   5.9893000e-02   9.4361796e-05   5.5450000e-03   0.0000000e+00   0.0000000e+00   3.0747000e-05   3.7463000e-04  -6.2104000e-04   1.4035000e-07   3.8569068e-07  -2.3371000e-03   0.0000000e+00   5.4619000e-06   0.0000000e+00   7.6101808e+02   5.5703569e+02
  -2.1848000e-01  -1.0463000e-02   1.0947437e-04   4.7734000e-02   9.6606000e-02  -3.2912200e-02   9.3327000e-03   1.0832129e-03  -2.2257000e-01   2.2161000e-02   4.9537000e-02   4.9110992e-04   5.0282000e-03  -5.1679000e-04   2.6707190e-07   2.5283000e-05   3.3495000e-04  -3.9684000e-05   1.1219000e-07   1.5748199e-09  -2.4390000e-03  -1.0191000e-04   5.9487000e-06   1.0385648e-08   7.6969943e+02   5.5675098e+02
  -2.1918000e-01  -7.0000000e-04   4.9000000e-07   4.8040000e-02   1.3343000e-01   3.6824200e-02   1.7804000e-02   1.3560217e-03  -2.2258000e-01  -7.0000000e-06   4.9540000e-02   4.9000000e-11   5.5450000e-03   5.1679000e-04   2.6707190e-07   3.0747000e-05   2.8848000e-04  -4.6470000e-05   8.3219000e-08   2.1594609e-09  -2.7238000e-03  -2.8476000e-04   7.4188000e-06   8.1088258e-08   7.7039437e+02   5.5607009e+02
  -2.2761000e-01  -8.4320000e-03   7.1098624e-05   5.1807000e-02   1.2476000e-01  -8.6660000e-03   1.5566000e-02   7.5099556e-05  -2.5358000e-01  -3.1006000e-02   6.4304000e-02   9.6137204e-04   6.1197000e-03   5.7470000e-04   3.3028009e-07   3.7451000e-05  -1.8488000e-04  -4.7335900e-04   3.4181000e-08   2.2406874e-07  -2.8625000e-03  -1.3872000e-04   8.1937000e-06   1.9243238e-08   7.7057206e+02   5.5903986e+02
  -2.3209000e-01  -4.4820000e-03   2.0088324e-05   5.3868000e-02   8.8799000e-02  -3.5964800e-02   7.8853000e-03   1.2934668e-03  -2.2670000e-01   2.6877000e-02   5.1395000e-02   7.2237313e-04   5.5450000e-03  -5.7470000e-04   3.3028009e-07   3.0747000e-05  -3.9569000e-04  -2.1081000e-04   1.5657000e-07   4.4440856e-08  -2.7722000e-03   9.0270000e-05   7.6851000e-06   8.1486729e-09   7.6983156e+02   5.5924448e+02
  -2.1490000e-01   1.7191000e-02   2.9553048e-04   4.6183000e-02   1.0522000e-01   1.6417800e-02   1.1071000e-02   2.6954416e-04  -1.9973000e-01   2.6978000e-02   3.9891000e-02   7.2781248e-04   5.0719000e-03  -4.7317000e-04   2.2388985e-07   2.5724000e-05   3.9327000e-05   4.3501870e-04   1.5466000e-09   1.8924127e-07  -2.2899000e-03   4.8225000e-04   5.2439000e-06   2.3256506e-07   7.6044102e+02   5.5731164e+02
  -2.4974000e-01  -3.4839000e-02   1.2137559e-03   6.2371000e-02   1.3684000e-01   3.1623000e-02   1.8725000e-02   1.0000141e-03  -2.6518000e-01  -6.5453000e-02   7.0320000e-02   4.2840952e-03   5.6165000e-03   5.4465000e-04   2.9664362e-07   3.1545000e-05   2.1375000e-05  -1.7951400e-05   4.5690000e-10   3.2225276e-10  -3.0403000e-03  -7.5037000e-04   9.2435000e-06   5.6305514e-07   7.6224690e+02   5.5886200e+02
  -2.4677000e-01   2.9720000e-03   8.8327840e-06   6.0895000e-02   1.3527000e-01  -1.5690000e-03   1.8298000e-02   2.4617610e-06  -2.4929000e-01   1.5885000e-02   6.2148000e-02   2.5233323e-04   5.4475000e-03  -1.6898000e-04   2.8554240e-08   2.9675000e-05  -5.9713000e-04  -6.1850630e-04   3.5657000e-07   3.8255004e-07  -2.6169000e-03   4.2345000e-04   6.8480000e-06   1.7930990e-07   7.7193400e+02   5.5883344e+02
  -2.3184000e-01   1.4929000e-02   2.2287504e-04   5.3750000e-02   1.3118000e-01  -4.0930000e-03   1.7208000e-02   1.6752649e-05  -2.3150000e-01   1.7795000e-02   5.3592000e-02   3.1666202e-04   5.3090000e-03  -1.3849000e-04   1.9179480e-08   2.8186000e-05  -9.3137000e-05   5.0399370e-04   8.6746000e-09   2.5400965e-07  -2.6169000e-03   0.0000000e+00   6.8480000e-06   0.0000000e+00   7.6885354e+02   5.5812552e+02
  -2.0283000e-01   2.9009000e-02   8.4152208e-04   4.1141000e-02   1.0438000e-01  -2.6798000e-02   1.0895000e-02   7.1813280e-04  -2.1172000e-01   1.9781000e-02   4.4825000e-02   3.9128796e-04   4.7405000e-03  -5.6852000e-04   3.2321499e-07   2.2472000e-05  -9.3137000e-05   0.0000000e+00   8.6746000e-09   0.0000000e+00  -2.1259000e-03   4.9093000e-04   4.5196000e-06   2.4101226e-07   7.6958869e+02   5.5796080e+02
  -2.2825000e-01  -2.5416000e-02   6.4597306e-04   5.2097000e-02   1.5132000e-01   4.6937000e-02   2.2897000e-02   2.2030820e-03  -2.8504000e-01  -7.3322000e-02   8.1248000e-02   5.3761157e-03   5.8596000e-03   1.1191000e-03   1.2523848e-06   3.4335000e-05  -9.3137000e-05   0.0000000e+00   8.6746000e-09   0.0000000e+00  -2.7581000e-03  -6.3211000e-04   7.6068000e-06   3.9956305e-07   7.6571940e+02   5.5937970e+02
  -2.5885000e-01  -3.0605000e-02   9.3666602e-04   6.7005000e-02   1.4987000e-01  -1.4440000e-03   2.2462000e-02   2.0851360e-06  -2.8488000e-01   1.5900000e-04   8.1158000e-02   2.5281000e-08   5.6114000e-03  -2.4825000e-04   6.1628063e-08   3.1487000e-05  -5.4162000e-04  -4.4847870e-04   2.9335000e-07   2.0113314e-07  -3.0221000e-03  -2.6404000e-04   9.1330000e-06   6.9717122e-08   7.7749943e+02   5.6110154e+02
  -3.1486000e-01  -5.6011000e-02   3.1372321e-03   9.9139000e-02   1.5331000e-01   3.4380000e-03   2.3504000e-02   1.1819844e-05  -2.6980000e-01   1.5086000e-02   7.2790000e-02   2.2758740e-04   5.6114000e-03   0.0000000e+00   0.0000000e+00   3.1487000e-05  -6.0351000e-04  -6.1898000e-05   3.6423000e-07   3.8313624e-09  -3.0221000e-03   0.0000000e+00   9.1330000e-06   0.0000000e+00   7.8194975e+02   5.5910332e+02
  -2.7307000e-01   4.1793000e-02   1.7466548e-03   7.4568000e-02   1.4443000e-01  -8.8800000e-03   2.0860000e-02   7.8854400e-05  -2.7092000e-01  -1.1200000e-03   7.3395000e-02   1.2544000e-06   5.5003000e-03  -1.1108000e-04   1.2338766e-08   3.0253000e-05  -6.6329000e-04  -5.9773000e-05   4.3995000e-07   3.5728115e-09  -2.6937000e-03   3.2836000e-04   7.2562000e-06   1.0782029e-07   7.6403753e+02   5.5829892e+02
  -2.6886000e-01   4.2090000e-03   1.7715681e-05   7.2287000e-02   1.2826000e-01  -1.6175000e-02   1.6450000e-02   2.6163063e-04  -2.7986000e-01  -8.9480000e-03   7.8324000e-02   8.0066704e-05   5.6114000e-03   1.1108000e-04   1.2338766e-08   3.1487000e-05  -1.0696000e-03  -4.0634300e-04   1.1441000e-06   1.6511463e-07  -2.6381000e-03   5.5650000e-05   6.9595000e-06   3.0969225e-09   7.6229345e+02   5.5743281e+02
  -2.8834000e-01  -1.9482000e-02   3.7954832e-04   8.3142000e-02   1.2263000e-01  -5.6240000e-03   1.5039000e-02   3.1629376e-05  -2.4663000e-01   3.3233000e-02   6.0827000e-02   1.1044323e-03   4.8859000e-03  -7.2548000e-04   5.2632123e-07   2.3872000e-05  -1.0633000e-03   6.3100000e-06   1.1306000e-06   3.9816100e-11  -2.6381000e-03   0.0000000e+00   6.9595000e-06   0.0000000e+00   7.7041259e+02   5.5814070e+02
  -2.8348000e-01   4.8610000e-03   2.3629321e-05   8.0363000e-02   1.6161000e-01   3.8978000e-02   2.6118000e-02   1.5192845e-03  -2.7374000e-01  -2.7109000e-02   7.4934000e-02   7.3489788e-04   5.3050000e-03   4.1907000e-04   1.7561966e-07   2.8142000e-05  -7.5917000e-04   3.0415000e-04   5.7634000e-07   9.2507222e-08  -2.6381000e-03   0.0000000e+00   6.9595000e-06   0.0000000e+00   7.6345571e+02   5.5591023e+02
  -2.7716000e-01   6.3240000e-03   3.9992976e-05   7.6817000e-02   1.4780000e-01  -1.3812000e-02   2.1844000e-02   1.9077134e-04  -3.0024000e-01  -2.6500000e-02   9.0144000e-02   7.0225000e-04   5.8197000e-03   5.1475000e-04   2.6496756e-07   3.3869000e-05  -8.4787000e-04  -8.8696000e-05   7.1888000e-07   7.8669804e-09  -2.9661000e-03  -3.2801000e-04   8.7977000e-06   1.0759056e-07   7.6788959e+02   5.5953280e+02
  -2.5637000e-01   2.0793000e-02   4.3234885e-04   6.5724000e-02   1.2116000e-01  -2.6637000e-02   1.4680000e-02   7.0952977e-04  -2.7442000e-01   2.5816000e-02   7.5309000e-02   6.6646586e-04   5.3639000e-03  -4.5584000e-04   2.0779011e-07   2.8771000e-05  -8.4787000e-04   0.0000000e+00   7.1888000e-07   0.0000000e+00  -2.4809000e-03   4.8517000e-04   6.1550000e-06   2.3538993e-07   7.7467194e+02   5.5937367e+02
  -2.3169000e-01   2.4677000e-02   6.0895433e-04   5.3680000e-02   1.2195000e-01   7.8800000e-04   1.4872000e-02   6.2094400e-07  -3.0772000e-01  -3.3291000e-02   9.4689000e-02   1.1082907e-03   5.9481000e-03   5.8420000e-04   3.4128964e-07   3.5379000e-05  -1.1890000e-03  -3.4117400e-04   1.4138000e-06   1.1639970e-07  -2.5860000e-03  -1.0508000e-04   6.6874000e-06   1.1041806e-08   7.7342055e+02   5.6028286e+02
  -2.4333000e-01  -1.1636000e-02   1.3539650e-04   5.9207000e-02   1.0973000e-01  -1.2215000e-02   1.2042000e-02   1.4920623e-04  -3.6981000e-01  -6.2092000e-02   1.3676000e-01   3.8554165e-03   5.2565000e-03  -6.9154000e-04   4.7822757e-07   2.7631000e-05   1.0567000e-04   1.2947060e-03   1.1165000e-08   1.6762636e-06  -2.0571000e-03   5.2887000e-04   4.2318000e-06   2.7970348e-07   7.7190211e+02   5.6366938e+02
  -3.0807000e-01  -6.4741000e-02   4.1913971e-03   9.4905000e-02   1.2753000e-01   1.7798000e-02   1.6264000e-02   3.1676880e-04  -2.8263000e-01   8.7176000e-02   7.9880000e-02   7.5996550e-03   5.6161000e-03   3.5954000e-04   1.2926901e-07   3.1540000e-05  -3.1390000e-04  -4.1956100e-04   9.8530000e-08   1.7603143e-07  -2.8641000e-03  -8.0695000e-04   8.2030000e-06   6.5116830e-07   7.9435063e+02   5.6154424e+02
  -2.9690000e-01   1.1169000e-02   1.2474656e-04   8.8148000e-02   1.3353000e-01   6.0020000e-03   1.7831000e-02   3.6024004e-05  -2.8062000e-01   2.0080000e-03   7.8749000e-02   4.0320640e-06   5.6379000e-03   2.1850000e-05   4.7742250e-10   3.1786000e-05   7.7161000e-05   3.9105630e-04   5.9539000e-09   1.5292503e-07  -2.5273000e-03   3.3681000e-04   6.3871000e-06   1.1344098e-07   7.8048599e+02   5.5735206e+02
  -2.8283000e-01   1.4068000e-02   1.9790862e-04   7.9992000e-02   1.0108000e-01  -3.2456000e-02   1.0217000e-02   1.0533919e-03  -2.8267000e-01  -2.0450000e-03   7.9901000e-02   4.1820250e-06   5.8506000e-03   2.1272000e-04   4.5249798e-08   3.4230000e-05  -5.0094000e-04  -5.7810430e-04   2.5094000e-07   3.3420458e-07  -2.6613000e-03  -1.3406000e-04   7.0827000e-06   1.7972084e-08   7.6261695e+02   5.5736012e+02
  -2.8645000e-01  -3.6220000e-03   1.3118884e-05   8.2054000e-02   1.3067000e-01   2.9589000e-02   1.7074000e-02   8.7550892e-04  -3.3865000e-01  -5.5981000e-02   1.1468000e-01   3.1338724e-03   6.5552000e-03   7.0456000e-04   4.9640479e-07   4.2971000e-05  -3.6755000e-04   1.3339600e-04   1.3509000e-07   1.7794493e-08  -2.8759000e-03  -2.1462000e-04   8.2711000e-06   4.6061744e-08   7.6293272e+02   5.5657038e+02
  -2.8560000e-01   8.4600000e-04   7.1571600e-07   8.1570000e-02   1.6796000e-01   3.7290000e-02   2.8210000e-02   1.3905441e-03  -3.2422000e-01   1.4427000e-02   1.0512000e-01   2.0813833e-04   6.3009000e-03  -2.5428000e-04   6.4658318e-08   3.9701000e-05  -3.6755000e-04   0.0000000e+00   1.3509000e-07   0.0000000e+00  -2.5273000e-03   3.4868000e-04   6.3871000e-06   1.2157774e-07   7.6737611e+02   5.5567775e+02
  -2.9601000e-01  -1.0404000e-02   1.0824322e-04   8.7621000e-02   1.5705000e-01  -1.0908000e-02   2.4664000e-02   1.1898446e-04  -3.2396000e-01   2.6200000e-04   1.0495000e-01   6.8644000e-08   6.0723000e-03  -2.2861000e-04   5.2262532e-08   3.6873000e-05  -9.8070000e-04  -6.1315000e-04   9.6177000e-07   3.7595292e-07  -2.8021000e-03  -2.7480000e-04   7.8516000e-06   7.5515040e-08   7.6931829e+02   5.5902891e+02
  -3.0295000e-01  -6.9450000e-03   4.8233025e-05   9.1781000e-02   1.4113000e-01  -1.5914000e-02   1.9919000e-02   2.5325540e-04  -2.9691000e-01   2.7050000e-02   8.8156000e-02   7.3170250e-04   5.6373000e-03  -4.3503000e-04   1.8925110e-07   3.1779000e-05  -8.7030000e-04   1.1039800e-04   7.5742000e-07   1.2187718e-08  -2.6460000e-03   1.5607000e-04   7.0013000e-06   2.4357845e-08   7.7083692e+02   5.5939778e+02
  -2.8711000e-01   1.5844000e-02   2.5103234e-04   8.2432000e-02   1.4504000e-01   3.9030000e-03   2.1036000e-02   1.5233409e-05  -3.0894000e-01  -1.2030000e-02   9.5444000e-02   1.4472090e-04   6.3789000e-03   7.4158000e-04   5.4994090e-07   4.0690000e-05  -5.5347000e-04   3.1682700e-04   3.0633000e-07   1.0037935e-07  -2.8592000e-03  -2.1324000e-04   8.1753000e-06   4.5471298e-08   7.6867248e+02   5.5722318e+02
  -3.0817000e-01  -2.1061000e-02   4.4356572e-04   9.4969000e-02   1.3625000e-01  -8.7890000e-03   1.8564000e-02   7.7246521e-05  -3.1829000e-01  -9.3470000e-03   1.0131000e-01   8.7366409e-05   6.7111000e-03   3.3227000e-04   1.1040335e-07   4.5039000e-05  -8.7854000e-04  -3.2507000e-04   7.7184000e-07   1.0567050e-07  -3.0099000e-03  -1.5071000e-04   9.0598000e-06   2.2713504e-08   7.6795833e+02   5.5757135e+02
  -3.0815000e-01   2.2000000e-05   4.8400000e-10   9.4956000e-02   1.2099000e-01  -1.5259000e-02   1.4639000e-02   2.3283708e-04  -2.9477000e-01   2.3521000e-02   8.6887000e-02   5.5323744e-04   6.2679000e-03  -4.4319000e-04   1.9641738e-07   3.9287000e-05  -9.8070000e-04  -1.0215500e-04   9.6177000e-07   1.0435644e-08  -2.6728000e-03   3.3718000e-04   7.1437000e-06   1.1369035e-07   7.7712482e+02   5.5769428e+02
  -2.6931000e-01   3.8844000e-02   1.5088563e-03   7.2525000e-02   1.3823000e-01   1.7237000e-02   1.9107000e-02   2.9711417e-04  -3.1699000e-01  -2.2225000e-02   1.0048000e-01   4.9395062e-04   6.0796000e-03  -1.8838000e-04   3.5487024e-08   3.6961000e-05  -1.3449000e-04   8.4620900e-04   1.8087000e-08   7.1606967e-07  -2.5723000e-03   1.0047000e-04   6.6167000e-06   1.0094221e-08   7.6092656e+02   5.5596907e+02
  -2.8914000e-01  -1.9833000e-02   3.9334789e-04   8.3601000e-02   1.4558000e-01   7.3580000e-03   2.1195000e-02   5.4140164e-05  -3.3027000e-01  -1.3284000e-02   1.0908000e-01   1.7646466e-04   6.4912000e-03   4.1167000e-04   1.6947219e-07   4.2136000e-05  -9.6389000e-04  -8.2940500e-04   9.2909000e-07   6.8791265e-07  -2.7655000e-03  -1.9323000e-04   7.6482000e-06   3.7337833e-08   7.6291588e+02   5.5795963e+02
  -3.0821000e-01  -1.9073000e-02   3.6377933e-04   9.4994000e-02   1.5327000e-01   7.6830000e-03   2.3491000e-02   5.9028489e-05  -3.2028000e-01   9.9990000e-03   1.0258000e-01   9.9980001e-05   6.2171000e-03  -2.7410000e-04   7.5130810e-08   3.8653000e-05  -1.2343000e-03  -2.7044700e-04   1.5236000e-06   7.3141580e-08  -2.9296000e-03  -1.6412000e-04   8.5828000e-06   2.6935374e-08   7.6784363e+02   5.5873031e+02
  -2.9363000e-01   1.4580000e-02   2.1257640e-04   8.6219000e-02   1.4840000e-01  -4.8670000e-03   2.2023000e-02   2.3687689e-05  -3.4582000e-01  -2.5545000e-02   1.1959000e-01   6.5254702e-04   6.0025000e-03  -2.1467000e-04   4.6083209e-08   3.6029000e-05  -8.3420000e-04   4.0014400e-04   6.9588000e-07   1.6011522e-07  -2.6510000e-03   2.7865000e-04   7.0278000e-06   7.7645822e-08   7.7130048e+02   5.5882929e+02
  -2.8084000e-01   1.2792000e-02   1.6363526e-04   7.8871000e-02   1.4297000e-01  -5.4260000e-03   2.0442000e-02   2.9441476e-05  -2.9947000e-01   4.6349000e-02   8.9683000e-02   2.1482298e-03   6.7080000e-03   7.0558000e-04   4.9784314e-07   4.4998000e-05  -4.2421000e-04   4.0998500e-04   1.7995000e-07   1.6808770e-07  -2.4784000e-03   1.7258000e-04   6.1426000e-06   2.9783856e-08   7.6856115e+02   5.5698929e+02
  -2.9407000e-01  -1.3226000e-02   1.7492708e-04   8.6474000e-02   1.2097000e-01  -2.2009000e-02   1.4633000e-02   4.8439608e-04  -3.1351000e-01  -1.4040000e-02   9.8290000e-02   1.9712160e-04   6.6727000e-03  -3.5310000e-05   1.2467961e-09   4.4525000e-05  -7.7510000e-04  -3.5089400e-04   6.0079000e-07   1.2312660e-07  -2.4784000e-03   0.0000000e+00   6.1426000e-06   0.0000000e+00   7.6656687e+02   5.5728058e+02
  -2.7391000e-01   2.0152000e-02   4.0610310e-04   7.5028000e-02   9.9259000e-02  -2.1707500e-02   9.8522000e-03   4.7121556e-04  -3.0837000e-01   5.1420000e-03   9.5092000e-02   2.6440164e-05   6.0301000e-03  -6.4266000e-04   4.1301188e-07   3.6362000e-05  -8.4447000e-04  -6.9369000e-05   7.1314000e-07   4.8120582e-09  -2.3636000e-03   1.1482000e-04   5.5866000e-06   1.3183632e-08   7.7263092e+02   5.5774045e+02
  -2.7613000e-01  -2.2120000e-03   4.8929440e-06   7.6245000e-02   1.3215000e-01   3.2892500e-02   1.7464000e-02   1.0819166e-03  -3.1080000e-01  -2.4330000e-03   9.6599000e-02   5.9194890e-06   6.0688000e-03   3.8690000e-05   1.4969161e-09   3.6830000e-05  -7.4242000e-04   1.0205000e-04   5.5119000e-07   1.0414202e-08  -2.3426000e-03   2.1050000e-05   5.4875000e-06   4.4310250e-10   7.7111189e+02   5.5758090e+02
  -2.7394000e-01   2.1870000e-03   4.7829690e-06   7.5042000e-02   1.4949000e-01   1.7336000e-02   2.2346000e-02   3.0053690e-04  -3.0817000e-01   2.6330000e-03   9.4969000e-02   6.9326890e-06   6.0976000e-03   2.8900000e-05   8.3521000e-10   3.7181000e-05  -5.8318000e-04   1.5924700e-04   3.4010000e-07   2.5359607e-08  -2.4736000e-03  -1.3110000e-04   6.1189000e-06   1.7187210e-08   7.6906610e+02   5.5875746e+02
  -2.7876000e-01  -4.8180000e-03   2.3213124e-05   7.7705000e-02   1.2911000e-01  -2.0380000e-02   1.6669000e-02   4.1534440e-04  -3.1961000e-01  -1.1439000e-02   1.0215000e-01   1.3085072e-04   6.0663000e-03  -3.1390000e-05   9.8533210e-10   3.6800000e-05  -9.5443000e-04  -3.7125000e-04   9.1093000e-07   1.3782656e-07  -2.6640000e-03  -1.9033000e-04   7.0968000e-06   3.6225509e-08   7.7103086e+02   5.6043055e+02
  -2.6286000e-01   1.5898000e-02   2.5274640e-04   6.9094000e-02   7.9567000e-02  -4.9539500e-02   6.3310000e-03   2.4541621e-03  -2.3360000e-01   8.6007000e-02   5.4570000e-02   7.3972040e-03   5.2908000e-03  -7.7546000e-04   6.0133821e-07   2.7993000e-05  -4.4599000e-04   5.0843800e-04   1.9891000e-07   2.5850920e-07  -2.1641000e-03   4.9992000e-04   4.6832000e-06   2.4992001e-07   7.6840148e+02   5.5755590e+02
  -2.7869000e-01  -1.5827000e-02   2.5049393e-04   7.7665000e-02   1.2384000e-01   4.4267500e-02   1.5335000e-02   1.9596116e-03  -2.8152000e-01  -4.7918000e-02   7.9254000e-02   2.2961347e-03   6.4317000e-03   1.1408700e-03   1.3015844e-06   4.1366000e-05  -5.1828000e-04  -7.2287000e-05   2.6861000e-07   5.2254104e-09  -2.6357000e-03  -4.7168000e-04   6.9471000e-06   2.2248202e-07   7.6900450e+02   5.5739568e+02
  -2.7879000e-01  -1.0500000e-04   1.1025000e-08   7.7724000e-02   1.3332000e-01   9.4870000e-03   1.7775000e-02   9.0003169e-05  -3.2748000e-01  -4.5961000e-02   1.0724000e-01   2.1124135e-03   6.7655000e-03   3.3383000e-04   1.1144247e-07   4.5772000e-05  -9.6772000e-04  -4.4944700e-04   9.3649000e-07   2.0200261e-07  -2.6357000e-03   0.0000000e+00   6.9471000e-06   0.0000000e+00   7.6626378e+02   5.5989857e+02
  -2.7183000e-01   6.9580000e-03   4.8413764e-05   7.3893000e-02   1.1211000e-01  -2.1210000e-02   1.2569000e-02   4.4986410e-04  -2.9572000e-01   3.1762000e-02   8.7450000e-02   1.0088246e-03   5.6086000e-03  -1.1569200e-03   1.3384639e-06   3.1456000e-05  -5.1828000e-04   4.4944700e-04   2.6861000e-07   2.0200261e-07  -2.2963000e-03   3.3941000e-04   5.2731000e-06   1.1519915e-07   7.7241043e+02   5.5867072e+02
  -2.5780000e-01   1.4036000e-02   1.9700930e-04   6.6459000e-02   1.2886000e-01   1.6752000e-02   1.6606000e-02   2.8062950e-04  -3.1298000e-01  -1.7256000e-02   9.7953000e-02   2.9776954e-04   5.7547000e-03   1.4612000e-04   2.1351054e-08   3.3117000e-05  -5.1828000e-04   0.0000000e+00   2.6861000e-07   0.0000000e+00  -2.1401000e-03   1.5624000e-04   4.5800000e-06   2.4410938e-08   7.6171124e+02   5.5808314e+02
  -2.6924000e-01  -1.1442000e-02   1.3091936e-04   7.2489000e-02   1.0670000e-01  -2.2166000e-02   1.1384000e-02   4.9133156e-04  -3.0173000e-01   1.1245000e-02   9.1041000e-02   1.2645003e-04   6.7084000e-03   9.5367000e-04   9.0948647e-07   4.5002000e-05  -7.9994000e-04  -2.8166000e-04   6.3990000e-07   7.9332356e-08  -2.6154000e-03  -4.7534000e-04   6.8405000e-06   2.2594812e-07   7.6358626e+02   5.5778846e+02
  -2.7884000e-01  -9.5980000e-03   9.2121604e-05   7.7750000e-02   1.0667000e-01  -2.4000000e-05   1.1379000e-02   5.7600000e-10  -2.9094000e-01   1.0794000e-02   8.4644000e-02   1.1651044e-04   6.1296000e-03  -5.7882000e-04   3.3503259e-07   3.7571000e-05  -9.8247000e-04  -1.8253800e-04   9.6526000e-07   3.3320121e-08  -3.0232000e-03  -4.0778000e-04   9.1398000e-06   1.6628453e-07   7.6980343e+02   5.5830721e+02
  -2.7886000e-01  -2.6000000e-05   6.7600000e-10   7.7764000e-02   1.9323000e-01   8.6560000e-02   3.7339000e-02   7.4926336e-03  -3.5557000e-01  -6.4637000e-02   1.2643000e-01   4.1779418e-03   7.2599000e-03   1.1303500e-03   1.2776911e-06   5.2706000e-05  -9.2151000e-04   6.0961000e-05   8.4919000e-07   3.7162435e-09  -3.0682000e-03  -4.5040000e-05   9.4142000e-06   2.0286016e-09   7.7386746e+02   5.5629224e+02
  -3.1269000e-01  -3.3828000e-02   1.1443336e-03   9.7775000e-02   2.0546000e-01   1.2227000e-02   4.2214000e-02   1.4949953e-04  -3.7416000e-01  -1.8582000e-02   1.3999000e-01   3.4529072e-04   7.2037000e-03  -5.6170000e-05   3.1550689e-09   5.1894000e-05  -8.9494000e-04   2.6572000e-05   8.0092000e-07   7.0607118e-10  -3.5929000e-03  -5.2469000e-04   1.2909000e-05   2.7529960e-07   7.6548425e+02   5.5872984e+02
  -2.9598000e-01   1.6710000e-02   2.7922410e-04   8.7604000e-02   1.5485000e-01  -5.0610000e-02   2.3979000e-02   2.5613721e-03  -3.1133000e-01   6.2820000e-02   9.6929000e-02   3.9463524e-03   6.5112000e-03  -6.9258000e-04   4.7966706e-07   4.2395000e-05  -4.2855000e-04   4.6639200e-04   1.8365000e-07   2.1752150e-07  -2.9874000e-03   6.0558000e-04   8.9243000e-06   3.6672714e-07   7.6752904e+02   5.5851743e+02
  -3.0217000e-01  -6.1940000e-03   3.8365636e-05   9.1309000e-02   1.2411000e-01  -3.0742000e-02   1.5403000e-02   9.4507056e-04  -3.9965000e-01  -8.8316000e-02   1.5972000e-01   7.7997159e-03   1.0780000e-02   4.2687500e-03   1.8222227e-05   1.1621000e-04  -4.3112000e-04  -2.5760000e-06   1.8587000e-07   6.6357760e-12  -3.2799000e-03  -2.9257000e-04   1.0758000e-05   8.5597205e-08   7.6561579e+02   5.5852169e+02
  -2.2364000e-01   7.8536000e-02   6.1679033e-03   5.0014000e-02   4.4863000e-02  -7.9245800e-02   2.0127000e-03   6.2798968e-03  -3.2993000e-01   6.9722000e-02   1.0885000e-01   4.8611573e-03   5.0758000e-03  -5.7041200e-03   3.2536985e-05   2.5764000e-05   4.3543000e-04   8.6655400e-04   1.8960000e-07   7.5091583e-07  -2.6060000e-03   6.7392000e-04   6.7913000e-06   4.5416817e-07   7.9803608e+02   5.6306459e+02
  -2.5164000e-01  -2.8006000e-02   7.8433604e-04   6.3325000e-02   2.2213000e-01   1.7726780e-01   4.9342000e-02   3.1423873e-02  -1.9866000e-01   1.3127200e-01   3.9465000e-02   1.7232338e-02   5.8989000e-03   8.2311000e-04   6.7751007e-07   3.4797000e-05  -3.6686000e-04  -8.0229000e-04   1.3459000e-07   6.4366924e-07  -2.5252000e-03   8.0770000e-05   6.3768000e-06   6.5237929e-09   7.7795962e+02   5.5884158e+02
  -2.6362000e-01  -1.1981000e-02   1.4354436e-04   6.9498000e-02   1.4103000e-01  -8.1097000e-02   1.9891000e-02   6.5767234e-03  -2.4365000e-01  -4.4988000e-02   5.9363000e-02   2.0239201e-03   6.0033000e-03   1.0442000e-04   1.0903536e-08   3.6040000e-05  -6.3044000e-04  -2.6358000e-04   3.9746000e-07   6.9474416e-08  -2.5252000e-03   0.0000000e+00   6.3768000e-06   0.0000000e+00   7.5790355e+02   5.5883896e+02
  -2.5764000e-01   5.9810000e-03   3.5772361e-05   6.6380000e-02   1.0998000e-01  -3.1054000e-02   1.2096000e-02   9.6435092e-04  -2.1922000e-01   2.4424000e-02   4.8058000e-02   5.9653178e-04   5.3581000e-03  -6.4520000e-04   4.1628304e-07   2.8709000e-05  -6.4300000e-04  -1.2564000e-05   4.1346000e-07   1.5785410e-10  -2.4265000e-03   9.8750000e-05   5.8879000e-06   9.7515625e-09   7.6535272e+02   5.5844728e+02
  -2.5757000e-01   7.6000000e-05   5.7760000e-09   6.6341000e-02   1.6104000e-01   5.1056000e-02   2.5933000e-02   2.6067151e-03  -2.4930000e-01  -3.0075000e-02   6.2148000e-02   9.0450562e-04   6.2374000e-03   8.7929000e-04   7.7315090e-07   3.8905000e-05  -2.5516000e-04   3.8784900e-04   6.5105000e-08   1.5042685e-07  -2.6839000e-03  -2.5744000e-04   7.2035000e-06   6.6275354e-08   7.6155652e+02   5.5718582e+02
  -2.7361000e-01  -1.6045000e-02   2.5744203e-04   7.4864000e-02   1.6398000e-01   2.9390000e-03   2.6888000e-02   8.6377210e-06  -2.9170000e-01  -4.2408000e-02   8.5091000e-02   1.7984385e-03   6.4966000e-03   2.5921000e-04   6.7189824e-08   4.2206000e-05  -7.8851000e-04  -5.3335600e-04   6.2175000e-07   2.8446862e-07  -2.9666000e-03  -2.8270000e-04   8.8009000e-06   7.9919290e-08   7.7043458e+02   5.5913247e+02
  -2.6808000e-01   5.5360000e-03   3.0647296e-05   7.1865000e-02   1.2385000e-01  -4.0124000e-02   1.5339000e-02   1.6099354e-03  -2.4006000e-01   5.1648000e-02   5.7627000e-02   2.6675159e-03   5.7098000e-03  -7.8680000e-04   6.1905424e-07   3.2602000e-05  -6.3079000e-04   1.5771900e-04   3.9790000e-07   2.4875283e-08  -2.6757000e-03   2.9094000e-04   7.1593000e-06   8.4646084e-08   7.7301087e+02   5.5823792e+02
  -2.4435000e-01   2.3722000e-02   5.6273328e-04   5.9709000e-02   8.9790000e-02  -3.4060900e-02   8.0623000e-03   1.1601449e-03  -2.5657000e-01  -1.6512000e-02   6.5827000e-02   2.7264614e-04   5.5256000e-03  -1.8424000e-04   3.3944378e-08   3.0532000e-05  -2.1150000e-04   4.1929600e-04   4.4731000e-08   1.7580914e-07  -2.8196000e-03  -1.4393000e-04   7.9503000e-06   2.0715845e-08   7.6177839e+02   5.5840080e+02
  -2.2811000e-01   1.6242000e-02   2.6380256e-04   5.2036000e-02   8.4744000e-02  -5.0462000e-03   7.1815000e-03   2.5464134e-05  -3.5305000e-01  -9.6486000e-02   1.2465000e-01   9.3095482e-03   6.0910000e-03   5.6548000e-04   3.1976763e-07   3.7101000e-05  -1.8301000e-04   2.8482000e-05   3.3494000e-08   8.1122432e-10  -3.2000000e-03  -3.8041000e-04   1.0240000e-05   1.4471177e-07   7.6402307e+02   5.6051581e+02
  -2.2627000e-01   1.8400000e-03   3.3856000e-06   5.1199000e-02   1.3292000e-01   4.8181100e-02   1.7669000e-02   2.3214184e-03  -4.1035000e-01  -5.7293000e-02   1.6838000e-01   3.2824878e-03   7.0093000e-03   9.1829000e-04   8.4325652e-07   4.9131000e-05  -1.4940000e-04   3.3613000e-05   2.2321000e-08   1.1298338e-09  -3.2000000e-03   0.0000000e+00   1.0240000e-05   0.0000000e+00   7.7292846e+02   5.5867052e+02
  -2.1174000e-01   1.4538000e-02   2.1135344e-04   4.4832000e-02   1.7405000e-01   4.1127000e-02   3.0294000e-02   1.6914301e-03  -3.8675000e-01   2.3594000e-02   1.4958000e-01   5.5667684e-04   7.5749000e-03   5.6552000e-04   3.1981287e-07   5.7379000e-05  -8.0924000e-04  -6.5983300e-04   6.5486000e-07   4.3537959e-07  -3.2000000e-03   0.0000000e+00   1.0240000e-05   0.0000000e+00   7.8036752e+02   5.5780246e+02
  -2.3013000e-01  -1.8394000e-02   3.3833924e-04   5.2959000e-02   1.2182000e-01  -5.2232000e-02   1.4840000e-02   2.7281818e-03  -3.4359000e-01   4.3166000e-02   1.1805000e-01   1.8633036e-03   6.9142000e-03  -6.6069000e-04   4.3651128e-07   4.7806000e-05  -9.9661000e-04  -1.8737400e-04   9.9323000e-07   3.5109016e-08  -3.2000000e-03   0.0000000e+00   1.0240000e-05   0.0000000e+00   7.6863860e+02   5.6037914e+02
  -2.3596000e-01  -5.8350000e-03   3.4047225e-05   5.5679000e-02   9.2558000e-02  -2.9262500e-02   8.5669000e-03   8.5629391e-04  -2.9946000e-01   4.4131000e-02   8.9674000e-02   1.9475452e-03   6.4052000e-03  -5.0896000e-04   2.5904028e-07   4.1027000e-05  -9.0644000e-04   9.0165000e-05   8.2164000e-07   8.1297272e-09  -3.0367000e-03   1.6338000e-04   9.2212000e-06   2.6693024e-08   7.7367570e+02   5.5777054e+02
  -1.2540000e-01   1.1056500e-01   1.2224619e-02   1.5725000e-02   1.1882000e-01   2.6257500e-02   1.4117000e-02   6.8945631e-04  -5.3741000e-01  -2.3795500e-01   2.8881000e-01   5.6622582e-02   1.1648000e-02   5.2432900e-03   2.7492090e-05   1.3569000e-04   2.4493000e-03   3.3557240e-03   5.9990000e-06   1.1260884e-05  -1.7697000e-03   1.2669600e-03   3.1318000e-06   1.6051876e-06   7.6653894e+02   5.5816171e+02
  -8.1226000e-02   4.4172900e-02   1.9512451e-03   6.5977000e-03  -7.3412000e-02  -1.9222660e-01   5.3893000e-03   3.6951066e-02  -1.0047000e-01   4.3693800e-01   1.0095000e-02   1.9091482e-01   4.1516000e-03  -7.4968900e-03   5.6203360e-05   1.7236000e-05   2.8725000e-04  -2.1620300e-03   8.2513000e-08   4.6743737e-06  -1.2517000e-03   5.1803000e-04   1.5667000e-06   2.6835508e-07   8.1059485e+02   5.6226605e+02
  -1.0382000e-01  -2.2590900e-02   5.1034876e-04   1.0778000e-02   2.3552000e-02   9.6964000e-02   5.5472000e-04   9.4020173e-03  -2.2551000e-01  -1.2503700e-01   5.0855000e-02   1.5634251e-02   4.6659000e-03   5.1431000e-04   2.6451478e-07   2.1771000e-05   1.6051000e-04  -1.2673800e-04   2.5764000e-08   1.6062521e-08  -8.7561000e-04   3.7605000e-04   7.6669000e-07   1.4141360e-07   7.8160625e+02   5.5934640e+02
  -1.1581000e-01  -1.1996000e-02   1.4390402e-04   1.3413000e-02   9.7012000e-03  -1.3851190e-02   9.4113000e-05   1.9185546e-04  -2.9572000e-01  -7.0212000e-02   8.7452000e-02   4.9297249e-03   6.0944000e-03   1.4284900e-03   2.0405837e-06   3.7142000e-05   6.5662000e-04   4.9611200e-04   4.3116000e-07   2.4612712e-07  -9.9435000e-04  -1.1873800e-04   9.8873000e-07   1.4098713e-08   7.6203236e+02   5.6093757e+02
  -1.2766000e-01  -1.1850000e-02   1.4042250e-04   1.6298000e-02   1.4279000e-02   4.5773900e-03   2.0388000e-04   2.0952499e-05  -3.4836000e-01  -5.2636000e-02   1.2135000e-01   2.7705485e-03   6.8424000e-03   7.4795000e-04   5.5942920e-07   4.6818000e-05   6.1779000e-04  -3.8837000e-05   3.8166000e-07   1.5083126e-09  -1.6414000e-03  -6.4705200e-04   2.6942000e-06   4.1867629e-07   7.7324265e+02   5.6010550e+02
  -1.3449000e-01  -6.8280000e-03   4.6621584e-05   1.8088000e-02   5.2101000e-02   3.7821900e-02   2.7145000e-03   1.4304961e-03  -3.1624000e-01   3.2117000e-02   1.0001000e-01   1.0315017e-03   6.3749000e-03  -4.6750000e-04   2.1855625e-07   4.0639000e-05  -3.4099000e-04  -9.5878100e-04   1.1628000e-07   9.1926101e-07  -1.6414000e-03   0.0000000e+00   2.6942000e-06   0.0000000e+00   7.6695099e+02   5.5928619e+02
  -1.2201000e-01   1.2483000e-02   1.5582529e-04   1.4886000e-02   5.0853000e-02  -1.2476000e-03   2.5860000e-03   1.5565058e-06  -2.9921000e-01   1.7033000e-02   8.9525000e-02   2.9012309e-04   6.3171000e-03  -5.7720000e-05   3.3315984e-09   3.9906000e-05   1.1449000e-04   4.5548700e-04   1.3109000e-08   2.0746841e-07  -1.4986000e-03   1.4279000e-04   2.2458000e-06   2.0388984e-08   7.7347403e+02   5.5690036e+02
  -1.8593000e-01  -6.3924000e-02   4.0862778e-03   3.4571000e-02  -2.8329000e-02  -7.9181500e-02   8.0251000e-04   6.2697099e-03  -1.9727000e-01   1.0193900e-01   3.8915000e-02   1.0391560e-02   3.3393000e-03  -2.9778400e-03   8.8675311e-06   1.1151000e-05   3.5420000e-04   2.3970900e-04   1.2546000e-07   5.7460405e-08  -2.0177000e-03  -5.1907000e-04   4.0710000e-06   2.6943366e-07   7.6984523e+02   5.5957532e+02
  -2.0363000e-01  -1.7700000e-02   3.1329000e-04   4.1466000e-02  -2.8305000e-02   2.3600000e-05   8.0117000e-04   5.5696000e-10  -1.7105000e-01   2.6219000e-02   2.9258000e-02   6.8743596e-04   4.1173000e-03   7.7797000e-04   6.0523732e-07   1.6952000e-05   4.8124000e-04   1.2703500e-04   2.3159000e-07   1.6137891e-08  -1.6048000e-03   4.1289000e-04   2.5754000e-06   1.7047815e-07   7.6609242e+02   5.5850996e+02
  -2.0368000e-01  -4.8000000e-05   2.3040000e-09   4.1486000e-02   5.3521000e-02   8.1826100e-02   2.8645000e-03   6.6955106e-03  -2.5582000e-01  -8.4773000e-02   6.5445000e-02   7.1864615e-03   4.7692000e-03   6.5192000e-04   4.2499969e-07   2.2745000e-05   3.6073000e-04  -1.2050500e-04   1.3013000e-07   1.4521455e-08  -2.0670000e-03  -4.6224000e-04   4.2726000e-06   2.1366582e-07   7.7010851e+02   5.5946194e+02
  -2.3145000e-01  -2.7766000e-02   7.7095076e-04   5.3567000e-02   9.1156000e-02   3.7634600e-02   8.3094000e-03   1.4163631e-03  -3.0001000e-01  -4.4186000e-02   9.0005000e-02   1.9524026e-03   5.3496000e-03   5.8043000e-04   3.3689898e-07   2.8618000e-05  -5.5580000e-04  -9.1652900e-04   3.0891000e-07   8.4002541e-07  -2.2175000e-03  -1.5046000e-04   4.9173000e-06   2.2638212e-08   7.6675586e+02   5.5881712e+02
  -2.2520000e-01   6.2460000e-03   3.9012516e-05   5.0715000e-02   5.7346000e-02  -3.3809800e-02   3.2886000e-03   1.1431026e-03  -2.4307000e-01   5.6944000e-02   5.9081000e-02   3.2426191e-03   5.3496000e-03   0.0000000e+00   0.0000000e+00   2.8618000e-05  -4.3506000e-04   1.2073900e-04   1.8928000e-07   1.4577906e-08  -2.2492000e-03  -3.1720000e-05   5.0589000e-06   1.0061584e-09   7.7904441e+02   5.5961566e+02
  -1.7956000e-01   4.5637000e-02   2.0827358e-03   3.2243000e-02   6.7172000e-02   9.8257000e-03   4.5120000e-03   9.6544380e-05  -2.1405000e-01   2.9014000e-02   4.5818000e-02   8.4181220e-04   4.8755000e-03  -4.7413000e-04   2.2479926e-07   2.3770000e-05   6.8638000e-05   5.0369600e-04   4.7112000e-09   2.5370966e-07  -1.3223000e-03   9.2692000e-04   1.7485000e-06   8.5918069e-07   7.6610569e+02   5.5688330e+02
  -1.5313000e-01   2.6432000e-02   6.9865062e-04   2.3449000e-02   9.5739000e-02   2.8567300e-02   9.1659000e-03   8.1609063e-04  -2.4791000e-01  -3.3864000e-02   6.1462000e-02   1.1467705e-03   5.0352000e-03   1.5971000e-04   2.5507284e-08   2.5353000e-05  -7.9298000e-04  -8.6161700e-04   6.2882000e-07   7.4238385e-07  -1.3223000e-03   0.0000000e+00   1.7485000e-06   0.0000000e+00   7.6297472e+02   5.5795665e+02
  -2.0126000e-01  -4.8132000e-02   2.3166894e-03   4.0507000e-02   7.2883000e-02  -2.2855800e-02   5.3119000e-03   5.2238759e-04  -2.4468000e-01   3.2350000e-03   5.9868000e-02   1.0465225e-05   4.9521000e-03  -8.3110000e-05   6.9072721e-09   2.4523000e-05  -8.0977000e-04  -1.6795000e-05   6.5573000e-07   2.8207203e-10  -1.3223000e-03   0.0000000e+00   1.7485000e-06   0.0000000e+00   7.6622396e+02   5.5829727e+02
  -1.8505000e-01   1.6216000e-02   2.6295866e-04   3.4242000e-02   5.1029000e-02  -2.1853900e-02   2.6040000e-03   4.7759295e-04  -2.2678000e-01   1.7905000e-02   5.1427000e-02   3.2058903e-04   4.4181000e-03  -5.3401000e-04   2.8516668e-07   1.9519000e-05  -4.5883000e-04   3.5094800e-04   2.1052000e-07   1.2316450e-07  -1.3223000e-03   0.0000000e+00   1.7485000e-06   0.0000000e+00   7.7087337e+02   5.5706152e+02
  -9.1691000e-02   9.3355800e-02   8.7153054e-03   8.4073000e-03  -3.3873000e-02  -8.4902400e-02   1.1474000e-03   7.2084175e-03  -9.7662000e-02   1.2911270e-01   9.5379000e-03   1.6670089e-02  -1.0617000e-03  -5.4797700e-03   3.0027879e-05   1.1272000e-06  -1.1279000e-03  -6.6910400e-04   1.2722000e-06   4.4770016e-07   1.2370000e-03   2.5592800e-03   1.5301000e-06   6.5499141e-06   7.7073609e+02   5.5889514e+02
  -1.2602000e-02   7.9089600e-02   6.2551648e-03   1.5880000e-04  -2.0842000e-01  -1.7455180e-01   4.3441000e-02   3.0468331e-02  -1.1454000e-01  -1.6873700e-02   1.3118000e-02   2.8472175e-04  -9.7763000e-04   8.4056000e-05   7.0654111e-09   9.5577000e-07  -2.5626000e-03  -1.4346900e-03   6.5670000e-06   2.0583354e-06   1.3997000e-03   1.6267000e-04   1.9590000e-06   2.6461529e-08   7.8389609e+02   5.6183071e+02
  -1.3507000e-01  -1.2246340e-01   1.4997284e-02   1.8243000e-02   1.8013000e-02   2.2643840e-01   3.2448000e-04   5.1274349e-02  -2.5372000e-01  -1.3918800e-01   6.4376000e-02   1.9373299e-02   2.6459000e-03   3.6235540e-03   1.3130144e-05   7.0009000e-06  -1.2745000e-03   1.2880700e-03   1.6245000e-06   1.6591243e-06  -7.7505000e-04  -2.1747060e-03   6.0070000e-07   4.7293462e-06   7.7078344e+02   5.6111825e+02
  -1.3505000e-01   1.8000000e-05   3.2400000e-10   1.8238000e-02   5.6301000e-02   3.8287200e-02   3.1698000e-03   1.4659097e-03  -2.6175000e-01  -8.0230000e-03   6.8511000e-02   6.4368529e-05   3.4850000e-03   8.3906000e-04   7.0402168e-07   1.2145000e-05  -1.3280000e-03  -5.3490000e-05   1.7637000e-06   2.8611801e-09  -3.1029000e-04   4.6475800e-04   9.6279000e-08   2.1600000e-07   7.6721624e+02   5.5815235e+02
  -1.1651000e-01   1.8538000e-02   3.4365744e-04   1.3574000e-02   2.6786000e-02  -2.9515000e-02   7.1747000e-04   8.7113523e-04  -2.3753000e-01   2.4220000e-02   5.6419000e-02   5.8660840e-04   3.2798000e-03  -2.0521000e-04   4.2111144e-08   1.0757000e-05  -1.2370000e-03   9.1060000e-05   1.5301000e-06   8.2919236e-09  -1.5223000e-04   1.5805800e-04   2.3174000e-08   2.4982331e-08   7.8069954e+02   5.6044683e+02
  -6.9757000e-02   4.6751800e-02   2.1857308e-03   4.8661000e-03  -1.0817000e-01  -1.3495860e-01   1.1701000e-02   1.8213824e-02  -1.3241000e-01   1.0511400e-01   1.7533000e-02   1.1048953e-02   3.6862000e-04  -2.9111480e-03   8.4747827e-06   1.3588000e-07  -1.2643000e-03  -2.7310000e-05   1.5984000e-06   7.4583610e-10   8.1226000e-04   9.6449300e-04   6.5977000e-07   9.3024675e-07   7.7007067e+02   5.5946405e+02
  -4.1636000e-02   2.8121600e-02   7.9082439e-04   1.7335000e-03  -1.1915000e-01  -1.0978000e-02   1.4197000e-02   1.2051648e-04  -2.0410000e-01  -7.1685000e-02   4.1656000e-02   5.1387392e-03   6.4835000e-04   2.7973100e-04   7.8249432e-08   4.2036000e-07  -2.2677000e-03  -1.0033700e-03   5.1423000e-06   1.0067514e-06   5.1491000e-04  -2.9735500e-04   2.6513000e-07   8.8419996e-08   7.6264706e+02   5.5701132e+02
  -1.0647000e-01  -6.4837400e-02   4.2038884e-03   1.1336000e-02  -4.3151000e-02   7.5999600e-02   1.8620000e-03   5.7759392e-03  -1.8901000e-01   1.5087000e-02   3.5725000e-02   2.2761757e-04   1.6996000e-03   1.0512270e-03   1.1050782e-06   2.8886000e-06  -2.0142000e-03   2.5341000e-04   4.0572000e-06   6.4216628e-08   2.7877000e-04  -2.3613900e-04   7.7712000e-08   5.5761627e-08   7.7109643e+02   5.5985237e+02
  -1.4344000e-01  -3.6971000e-02   1.3668548e-03   2.0576000e-02  -4.5293000e-02  -2.1414000e-03   2.0514000e-03   4.5855940e-06  -2.0584000e-01  -1.6828000e-02   4.2370000e-02   2.8318158e-04   1.6940000e-03  -5.6000000e-06   3.1360000e-11   2.8696000e-06  -2.2024000e-03  -1.8819000e-04   4.8507000e-06   3.5415476e-08  -4.2352000e-22  -2.7876900e-04   1.7937000e-43   7.7712155e-08   7.7112417e+02   5.6016885e+02
